0.022823981036177297
0.06352547463984266
0.08715470697897203
0.09318499560886216
0.09289012237513354
0.09161976424772433
0.09152502996073106
0.09261683082947769
0.09423132375866257
0.09539691127847168
0.09565829115259632
0.09582302101914048
0.09914765616264513
0.10496429578309333
0.10397398772998419
0.09888018476504498
0.09521278828859701
0.09170571430307224
0.08859169183093295
0.08691760876808582
0.08572156891027163
0.08356834826707218
0.08028359894435179
0.07700262986720029
0.07405646977466726
0.07105929019181853
0.06776824227704499
0.06433246692118406
0.06114830127815481
0.057671447388895555
0.05382358807042209
0.05002501099883669
0.0462379981740483
0.04228933994261344
0.03821016304309287
0.03419220994135467
0.030056996164330486
0.025824921357898725
0.021501019379488184
0.017126127619754548
0.01269632883851841
0.008217780010783333
0.003650210396917449
-0.0009581503738028611
-0.005603246005888233
-0.010296250568457784
-0.015059239452662609
-0.01985015271420707
-0.024678020761259252
-0.029538298438644497
-0.034445863483893883
-0.039368916208586784
-0.04433944241113655
-0.04933667964950293
-0.05435585660520606
-0.059399259174623846
-0.0644629942697596
-0.06954412408942924
-0.07465165749080617
-0.07977211370066044
-0.08491331317060305
-0.09006498895532834
-0.09522787805004782
-0.10040395412632534
-0.10559718300973912
-0.11079363180174842
-0.11599737173526421
-0.12121387461147748
-0.12643677554285848
-0.1316642301371734
-0.1369004323652052
-0.1421392472732163
-0.14738326001100788
-0.15263149907221324
-0.15788371791312011
-0.16314081921833565
-0.16840291873193028
-0.173661151178066
-0.17892415386390326
-0.18419006055421144
-0.18945384743369076
-0.19472009011668986
-0.19999257234792983
-0.20525110720210052
-0.2104776914187222
-0.2157327216533071
-0.22101472982110928
-0.22620999045824858
-0.23141193535675258
-0.23666638140904558
-0.24179827671759996
-0.24688828025101847
-0.2520566989814083
-0.2571459483439895
-0.2620261960054717
-0.26695275257326945
-0.27189457839768544
-0.2764369525510716
-0.280869378217749
-0.2853627233784006
-0.28934878344533294
-0.29298029222151506
-0.29629865721806964
-0.29906951172316715
-0.3010739336987953
-0.30206692246026656
-0.30205245198949293
-0.30038101182629334
-0.29644690376704025
-0.2898825059867306
-0.27943928337493323
-0.26366666170829894
-0.24078479578124784
-0.2079370736142508
-0.1614786819538774
-0.09816426529466658
-0.018248889524938507
0.0660210424157441
0.12409336005427202
0.1243042056062824
0.06826703419636265
-0.009468196197812992
-0.07478814795501876
-0.11345957139507235
-0.12835362515330145
-0.12893803249316207
-0.1236936160087789
-0.11777666427178701
-0.11339303808595176
-0.11093034029283212
-0.10994233104734927
-0.10975652005785577
-0.10980476897774949
-0.10975907052696551
-0.10951856978626134
-0.10910361996549867
-0.10857580915620584
-0.10801603914588907
-0.10748776022154989
-0.10696070560054309
-0.10630747611607443
-0.10544757651028351
-0.10448857915735772
-0.10363490406781442
-0.10294953308948311
-0.1022567054614632
-0.10136395753246162
-0.1003017373317397
-0.09927026221627853
-0.09837903827458226
-0.0975231938378811
-0.09655383622845078
-0.09548006827984985
-0.09441289575244106
-0.09339596344855323
-0.09235469717926505
-0.09124177897219396
-0.09011501663951643
-0.08905630671869365
-0.08804302071498273
-0.08696907012596805
-0.08579138111504428
-0.08458295477375337
-0.08343113301797635
-0.08233317620106888
-0.08122244818345574
-0.08008023584371245
-0.07891460908877831
-0.07773485306600562
-0.0765458900697278
-0.07536120440127997
-0.07420870069509343
-0.07307696028206981
-0.07192879297089026
-0.07075368545068793
-0.06953447641170148
-0.0682799972402132
-0.06709559268559981
-0.06599731775250106
-0.06485128177188244
-0.06365444931313106
-0.062482710031829924
-0.06135425287325802
-0.06020675989073112
-0.059010578762516745
-0.057794043051851436
-0.05659919743154092
-0.05545685930241054
-0.054360030508074905
-0.05326837705694961
-0.05214212131047399
-0.050965924536128186
-0.049778072506891154
-0.04864296551158323
-0.04754283672966485
-0.04640469302626116
-0.04523708476517356
-0.04412049487693821
-0.043060780488042856
-0.041997569724991496
-0.040905031447008376
-0.03980293948630399
-0.03870847960742433
-0.03762410986678333
-0.036531103753110014
-0.03542306946550345
-0.03434154161348317
-0.033318726612372514
-0.03232465312530148
-0.031312053308672226
-0.03026286303084807
-0.029195978126016087
-0.028150659174528414
-0.027145831123967904
-0.02616059664799953
-0.02516936859301353
-0.024165575621098393
-0.023166437578325372
-0.02218725913895459
-0.021218327596522594
-0.02025313471579769
-0.01929897953588219
-0.018351173692149322
-0.01739393230592062
-0.016430328639945913
-0.015493715947776347
-0.014595616807072057
-0.013697998702474953
-0.012770785295210392
-0.011841098639573507
-0.010942771740383724
-0.01006138118926998
-0.009181063402112007
-0.008312646701109353
-0.0074500730723945216
-0.006578526419060893
-0.0057103429821334355
-0.00486570535710958
-0.004035581353002252
-0.0031974589036693145
-0.00234728985476238
-0.0015065322535150472
-0.0006901586770235705
0.00010999332862837718
0.000906281751243417
0.0017018076262824402
0.0024989328466451374
0.003297452158389073
0.0040860665006301625
0.004853944934271226
0.005601033415189249
0.006340022099349577
0.007087564425472218
0.007840136307530561
0.008577113916224259
0.009300859397109206
0.010029598636458558
0.010766587164138742
0.01149598312933288
0.012205096997003295
0.012899324837258537
0.01359001591176489
0.014280255709791826
0.014965637475200093
0.015632394372544902
0.01628662917283113
0.016949929793611554
0.017641687967658252
0.01835277298444827
0.019041627061236473
0.019676204558965793
0.020269794441535774
0.020870449710933058
0.021497892116011504
0.02212275403059157
0.022719348379872408
0.023315210174228676
0.023949370786635407
0.02460113641525249
0.025203143545013754
0.025742078989653788
0.02629358674951471
0.02692159237592501
0.027581930061727652
0.028174372563471075
0.028669002930554775
0.029141130940045674
0.029684480905303682
0.030298346375852603
0.030895665493776293
0.031431861783221035
0.031939238755163045
0.03246601292032298
0.03301045516144718
0.03353173218779505
0.03401625537691911
0.03450345242421863
0.03502816058470059
0.03555557851222311
0.03603175597676796
0.03647716196948541
0.03696254828798621
0.03750283271609497
0.03802925512251516
0.03847948409809425
0.038885540893233636
0.03933467173125767
0.0398478106407383
0.04035207710698738
0.04078502651480749
0.04117248174630473
0.0415833880817478
0.0420471424796468
0.04253426990490515
0.04299716463524916
0.04341254449935447
0.043807088699054475
0.04421263315590215
0.04464044914145416
0.045073787245733264
0.04548656358136647
0.0458667593514626
0.04623948650196787
0.046623497465697265
0.04702122637710969
0.04741070494473997
0.04777611915712328
0.04813478829135984
0.04851210221051782
0.048905887726730886
0.04928820175042077
0.04963925883913684
0.04997062239695964
0.05030814042852304
0.05066293932607948
0.051025094630805276
0.0513759966598613
0.05170724987123236
0.05203160809751424
0.052368277218560404
0.05271676352983453
0.05305804349397292
0.0533779594632539
0.053682999890836906
0.05399231819000505
0.05431101954776594
0.054621051578687956
0.054916494540522366
0.05520128018151501
0.05548893472069381
0.055789442799082184
0.056096190626613425
0.05639478509549842
0.05667840075262944
0.0569484865474242
0.05721705881722651
0.05748567719288502
0.05774692866523736
0.05800404068722192
0.0582667246157546
0.05853573548494874
0.058796066572469385
0.059036325790282736
0.05926474118953564
0.05949414199646933
0.059727493704800357
0.0599604401337596
0.060199585311338906
0.06045073679478368
0.060702406831403266
0.06093329708743482
0.06114061464141874
0.06134324918634633
0.06155447759339741
0.06177163252345631
0.061984702919732605
0.06219089418934468
0.06239159346793599
0.06258576090035177
0.06277210224296587
0.06295155970769031
0.0631330886390927
0.06332435758667761
0.06351900595438972
0.06370510651262862
0.06387798196171796
0.06404523563972238
0.06421168783673607
0.06437565029958374
0.06453568568494981
0.06469276212052222
0.06484710677937121
0.06499693798020255
0.06514354650822393
0.06528999444265651
0.06543585905477206
0.06557594654398997
0.0657062456440741
0.06582859118550459
0.06594938969937138
0.06607361781332202
0.06620118822352007
0.06632879776483189
0.06645125115033561
0.06656422759875322
0.06666661816174914
0.06676216973811128
0.06685784473751445
0.06696018667029383
0.06706989726065066
0.06717899451834626
0.06727443810045865
0.06735033413278965
0.06741529653548733
0.0674845370800322
0.0675640378293764
0.06764614603067684
0.06772121590373388
0.06778709832395673
0.06784612306052319
0.06790172976661306
0.06795639151331159
0.06800936605957399
0.06805456748554661
0.06808580382111984
0.06811469273378161
0.0681547901659845
0.0682089615307414
0.06825953011580736
0.06829349870518418
0.06831221301845289
0.06832837631122193
0.06834290189077308
0.06835109833525337
0.06835515058083198
0.06836267029112549
0.06837444012903499
0.0683767462175363
0.0683596172965963
0.06833429511329049
0.06832279864451228
0.0683311931879473
0.06833919478456493
0.06831976030092808
0.06826967289240524
0.06821411718575993
0.06817732699399433
0.0681551651440221
0.0681252876785057
0.06807613715983034
0.06801529512648491
0.06795529378526907
0.06790003889429291
0.06784436662060879
0.06778181162652762
0.06771096819379162
0.0676356284431686
0.06755854242590924
0.06747821512145151
0.06739347698845867
0.06730491211696972
0.06721276926950472
0.06711764190991971
0.06701678362717871
0.06690736482645245
0.06679837820180409
0.06669036237812236
0.0665831240329491
0.06646583311198904
0.06633520731716279
0.06618816310926974
0.06603629191753507
0.06588481116344601
0.06574261310753068
0.0656076436215462
0.06546749986746694
0.06531306848794666
0.06514228753763215
0.06495964054430867
0.06477370857902968
0.0645916344484481
0.06441555621682085
0.06424136446764853
0.06406015754266718
0.06386556474346652
0.0636591746743998
0.06344705031766343
0.06323149702754118
0.0630101124418355
0.06278142042507681
0.06254799436021301
0.062310613771381425
0.06206807117064557
0.06182144459612857
0.06156741492513002
0.061305253999807977
0.06104284231972296
0.060770398064064084
0.060501486328490256
0.060222604942678025
0.05994231605970128
0.05964443789766373
0.059347431244085654
0.059043206801226704
0.058729897057812744
0.05841700592385071
0.05809752858616595
0.05776694344242088
0.057427333646720057
0.057082387782474577
0.056733608259370766
0.05638019265693828
0.056020575360885276
0.055652604248192246
0.05527570458077875
0.05489007833395168
0.05449454481547728
0.05408789526760576
0.053672399520629216
0.05325408461870893
0.05282778192903497
0.05239728921354659
0.05197497009622414
0.05153930984795731
0.05109519991107211
0.0506283474607578
0.05015460548642068
0.049668853557365604
0.04918084443932784
0.04869270260557859
0.04819982936718989
0.04770002496486612
0.04718784132575363
0.0466586495632189
0.046111666184957774
0.045551239526021095
0.04498541327296752
0.044419266956605814
0.04385179614244521
0.04327701430590949
0.04269096363037412
0.04209103429607062
0.04147532550351312
0.04084629299717181
0.04020700899644014
0.03955683345808015
0.038902017399124314
0.038239067293961856
0.03756570935144934
0.03687896479403188
0.03618034441477923
0.035475021447054604
0.034759200456972825
0.03402285310848227
0.0332633063876789
0.032491719314971176
0.03172187222602266
0.03095610635093736
0.030180602857724045
0.02937950606840379
0.028549031526192082
0.02770033130251761
0.026844608716260272
0.025987684595830274
0.02512338373020313
0.024245801118161835
0.02335100952538376
0.02244025356994115
0.02151332381111407
0.020569199151893734
0.019607016642997622
0.0186279998676793
0.01763604539169113
0.016634194692160282
0.015621844216234611
0.014595855537952219
0.013553230559327289
0.012491130436683307
0.011407480847103576
0.010304576691680485
0.009188228252457738
0.008059684979104512
0.006917205406687543
0.005755522680939388
0.004573260987648098
0.0033737633480418103
0.002159839377258758
0.0009304642633068738
-0.0003187891095251416
-0.0015900570614505228
-0.002880948356405592
-0.004188004090591827
-0.005510863534143577
-0.006851157564330871
-0.008210277170901748
-0.00958917620350898
-0.010988066011061429
-0.012408720435264324
-0.013849879907337955
-0.015309439137696283
-0.0167850232313711
-0.018276657556213157
-0.019787146981876922
-0.021318687397845794
-0.022872245978175935
-0.02444726761503991
-0.026042485996042804
-0.027656987057034618
-0.029289962584362665
-0.030941399477674734
-0.03261112449593592
-0.034300364611573285
-0.03600850516012836
-0.03773502532457561
-0.03947928072713627
-0.04124166477514658
-0.04302286713745076
-0.04482213281158399
-0.04663800614945046
-0.048469228805610956
-0.050316886653194594
-0.052182528582794416
-0.05406701120983494
-0.05596857221066642
-0.05788564257198914
-0.05981739439702428
-0.06176272599138125
-0.06372041478644282
-0.06568841664488569
-0.06766639106925823
-0.06965472166728545
-0.07165477535781335
-0.07366491622001069
-0.07568426817157341
-0.07771063051115708
-0.07974175603064543
-0.08177584953794152
-0.08381227885898639
-0.08585227299177613
-0.08789606052150395
-0.08994047054268771
-0.09198503743326848
-0.09402376571107104
-0.09605755816183432
-0.09808485078737413
-0.10010189245706644
-0.10210693439949263
-0.10409973723912416
-0.10608289929242544
-0.10805131329444295
-0.11000212298539934
-0.11193079331150751
-0.11383626440329879
-0.1157170286806296
-0.11757163777194984
-0.11939750417602847
-0.1211916433365164
-0.12295280022107527
-0.12467940691308795
-0.12636895326005645
-0.1280184597153634
-0.1296246777128213
-0.13118610153265706
-0.1327009404141118
-0.13416721649713093
-0.1355823293867516
-0.1369434442332377
-0.138247681403413
-0.13949259665357897
-0.14067636949890125
-0.14179706105744003
-0.14285283427906137
-0.14384118282571734
-0.1447599004282239
-0.1456073660176531
-0.14638229004471506
-0.1470829662968318
-0.14770706921943458
-0.14825301299856003
-0.14871902197683226
-0.14910446236068253
-0.1494085520967147
-0.1496305265912961
-0.14977035306669867
-0.1498281011920639
-0.14980338826220768
-0.14969448566829868
-0.14949934430214426
-0.14921774223448522
-0.14884939875850686
-0.14839455710792512
-0.14785348392785097
-0.14722729445805857
-0.14651851968438384
-0.1457275661339627
-0.14485264477043197
-0.14389072512160012
-0.14284380090387191
-0.14171834200106684
-0.14051862545736546
-0.1392415787299837
-0.13788458402934414
-0.13644945588745566
-0.13494400857355845
-0.1333745577739375
-0.1317410471881845
-0.13003931550604583
-0.1282695810449893
-0.12643442529226084
-0.12454062914100567
-0.12259196800909346
-0.1205883057788706
-0.11852565110068233
-0.11640625791148454
-0.11423554721758486
-0.1120227183704257
-0.10977009426035128
-0.10747745226804033
-0.1051393710410571
-0.1027669836350509
-0.10036008095129047
-0.09792750366019819
-0.0954687806217168
-0.09298052090976157
-0.09047293811516396
-0.08793840230025414
-0.08538743659194713
-0.08282009501167925
-0.08023804243417605
-0.07764090965901929
-0.07503079912881011
-0.07241320202745574
-0.06979109072124814
-0.06716777958284866
-0.06454398501890092
-0.06191908822299747
-0.05929338710092769
-0.05666966427623474
-0.054049513092842956
-0.051439829756575746
-0.04884275148761598
-0.04626044416619758
-0.04369204932313598
-0.04113545391282116
-0.038590292324767954
-0.03605789494099222
-0.03353969591405814
-0.03103946137786693
-0.02855806242460801
-0.026098568292938752
-0.023662106362485245
-0.021249215887701213
-0.018860010352298673
-0.016493798195423893
-0.014150421565440751
-0.011830691544628754
-0.009536642121365447
-0.007270353666197119
-0.005032292999040067
-0.0028222617734508996
-0.0006390257008746403
0.001518546923018486
0.0036493955356055115
0.005751202401311654
0.007822204860544938
0.009862055350217721
0.011871472466325864
0.013850677390122239
0.015799460222559958
0.017717316599158057
0.0196038298635519
0.021459768458484994
0.023287307412042917
0.02508708597401584
0.026858510162463982
0.028600387329226134
0.030311040524800603
0.03199014333828221
0.033636922236522794
0.035251744730624306
0.03683458595710884
0.03838721369013385
0.03991143058685888
0.04140769849011197
0.04287687348945042
0.04431796638793652
0.04572996750815908
0.047111928195605654
0.04846465704547225
0.049788816107895546
0.05108531168490605
0.052354885481448336
0.053597534671824695
0.054812899020590916
0.05600136325253236
0.05716304374075462
0.05829682593361518
0.05940444007229413
0.060486269952592056
0.06154305911938834
0.0625763583097894
0.0635862073389133
0.06457232171332755
0.0655345804589113
0.06647252830965203
0.06738531484536422
0.06827301326069962
0.0691386985443108
0.06997966599840068
0.07080175378246416
0.07159966980580267
0.07238049485048445
0.07313719742485389
0.07387211556375159
0.07458739429148634
0.07528165832514008
0.07595488707882699
0.07660779870318896
0.07724107809508331
0.07785512004286896
0.07845109223302439
0.0790305659551251
0.07958758597704498
0.08012789087564845
0.08064772076745588
0.08115031420423477
0.08163370356032
0.08210284220052202
0.08255665484284833
0.0829937375753282
0.08341327739421847
0.08381615720124766
0.08420427217017684
0.08457788680398863
0.08493576780641092
0.08527690746516232
0.08560228987010182
0.08591383041161578
0.08621295369442095
0.0864989830456428
0.08676943713633137
0.08702484738063987
0.08726520449943441
0.08749322016666715
0.08770903074986668
0.08791259487529572
0.08810439629444271
0.08828457100604795
0.08845336409005805
0.08861112737166982
0.08875753147613825
0.08889145358906726
0.08901172142956805
0.08911848824970624
0.08921163944059743
0.08929332384680512
0.0893646687610134
0.08942684502766933
0.08947932067568067
0.08952248744101278
0.08955578398324254
0.08957945479260825
0.08959402049250116
0.08960014667959465
0.08959765103477271
0.08958610323808121
0.08956464685755729
0.08953383280035136
0.08949392008969616
0.0894445703183256
0.0893856239056106
0.08931683170502443
0.08923881838579083
0.08915276638593166
0.08905963968569494
0.08895930885035834
0.08885131628671937
0.0887357259781974
0.0886134529422184
0.08848460101026252
0.0883487797900159
0.08820556202394604
0.08805383070173936
0.08789494903896487
0.08772868899563756
0.08755633474506652
0.0873769074342287
0.08719123443170153
0.08699933292524804
0.0868010457418985
0.08659662318423453
0.0863860462877445
0.08616894526061904
0.0859452109307199
0.0857150226787302
0.08547946686921601
0.0852390930710186
0.08499363554456589
0.08474284127666133
0.08448603761174335
0.08422391942657062
0.08395625669978651
0.083683749763766
0.08340617804296548
0.08312435072426609
0.08283696305782419
0.08254500555215998
0.08224927502933355
0.08194777185695964
0.08164227125149874
0.0813302198779733
0.08101271710315719
0.08069091228325362
0.0803649791022399
0.0800366045674456
0.0797045521781437
0.07936781352532307
0.07902635507927443
0.07868044319600026
0.07832979245990401
0.07797447489332257
0.07761511572803197
0.07725260115929634
0.07688684999381318
0.07651743627675671
0.07614395627698159
0.0757669387035411
0.07538672972447008
0.07500315636622877
0.07461512689562728
0.07422341030138568
0.07383000285142481
0.0734312374456529
0.07303001655280046
0.07262467448503453
0.07221683705269276
0.07180410299409085
0.0713895721265601
0.0709694516919998
0.07054748937728045
0.07012307736224012
0.06969456576683655
0.0692633036002455
0.06883001870121604
0.06839394587515765
0.06795470577815325
0.0675123407365928
0.06706686642029543
0.0666181554212964
0.06616650495396463
0.06571290702496929
0.06525740353717437
0.06479888939365815
0.06433627432691721
0.06387167575838196
0.06340616027784834
0.06293587048591547
0.06246191852146078
0.06198984361399136
0.061510011770997776
0.06103328702923303
0.06054877063076048
0.06006762949868286
0.0595761198600452
0.05908887131733753
0.0585938527062414
0.05809551048573418
0.057601376615061435
0.057103193810961565
0.056598871687384644
0.05609309529918901
0.055587960409874584
0.055080575692518195
0.05456954436260073
0.05405527201580126
0.05353780768936266
0.05301747668636144
0.052495326755858565
0.05197266122831555
0.0514493140317839
0.05092137186558787
0.05038783524969605
0.04985364616272321
0.04932306564388599
0.04878620242989887
0.048244638233621844
0.04770855930795624
0.04716282069341915
0.04662039298158926
0.04607069149513616
0.045524532300160084
0.04497100277902864
0.04441960928346755
0.04386351993297074
0.04330442306910906
0.042745244346762475
0.04218308473480524
0.041618022593642695
0.04105147912897114
0.04048307601214939
0.039912399831007646
0.03933980067636256
0.038765927904437565
0.03819028443899744
0.0376124786552424
0.03703278809558365
0.03645144843202104
0.03586754740878983
0.03528084426811754
0.03469193134748849
0.0341021716724048
Hole ID: 1
-0.031168713604544016
-0.08874517223225571
-0.11629735420797876
-0.15332316725050674
-0.1491217390468691
-0.150746500462283
-0.15263999199733339
-0.15627658940668757
-0.1671590820238194
-0.17976885427127437
-0.1863108957028802
-0.19020792378556758
-0.1944997634097175
-0.20019775507461357
-0.20733517163898582
-0.21246785436665688
-0.21508576954694358
-0.2167470799089815
-0.2172805780718183
-0.21760021441328198
-0.2186167509627282
-0.21948733785999
-0.21972295048510826
-0.21933687174588273
-0.21831238756379978
-0.2165068834002655
-0.2140398146995944
-0.2110397886786311
-0.20761799594933847
-0.20361716763574503
-0.19881545596024056
-0.19320391626001776
-0.18718415099532848
-0.18072086337511475
-0.17370218216652825
-0.16620048753477287
-0.15815377378300777
-0.14958697904724308
-0.14048682735465548
-0.13098767153677973
-0.12114276471560477
-0.11097654459560573
-0.10050091739163729
-0.08972060408666588
-0.07869525423018757
-0.06752519410454359
-0.05620156984675238
-0.04474126460170614
-0.033257312142709355
-0.021780802422890135
-0.010308892237942284
0.0011208139415254928
0.012433034823904166
0.023608622379391875
0.03463103560643172
0.0454648566742937
0.05607471446743517
0.0664419717628159
0.0765605220888214
0.08640569453678922
0.09596043613359957
0.10521281692018174
0.11416083770652818
0.12279762540735935
0.13111177177307737
0.13910924794290125
0.14678860295965895
0.1541455062165755
0.16118987333204468
0.16792397617788535
0.17434732764471797
0.1804707015023908
0.18630183218567328
0.19183657627994943
0.1970965698523243
0.2020802866214317
0.20680847343331538
0.21127939046473673
0.21550595199671996
0.21947986960519472
0.2232300466101762
0.22677408040442656
0.23010554256605906
0.233179752570058
0.23606852860353106
0.23881292609780283
0.2413062079167678
0.24361985905347203
0.24578859246957876
0.24777035883664003
0.24958961184784034
0.2512633102512633
0.25279141931233085
0.2541045475808318
0.2553155573369603
0.2563914177909865
0.2572577529407577
0.25817209930297624
0.25885651044634606
0.25930105592077834
0.25982715790272076
0.26016041948551466
0.26028061269047387
0.2603487822465496
0.2603961595601068
0.2603171792355833
0.26006121607006016
0.2597121954739947
0.2593181082713916
0.2588335022220055
0.25820418778053283
0.25753525182976017
0.2568210451710821
0.2559636396978879
0.2549937168603312
0.25402292657505066
0.25297852936579185
0.2518044598097172
0.2505775443995527
0.24925772147514635
0.24783079878040487
0.24633654337432584
0.24479531232361562
0.24317665329299226
0.24144540762345582
0.23958632965977625
0.237673736019872
0.23569751657404794
0.23358180817047489
0.23139898411186124
0.2292261590913488
0.22711982747847442
0.2249827791505909
0.22266953587853575
0.2202149993904926
0.2177840565133116
0.2155267936101764
0.21337524742294064
0.2110756898941505
0.20848940913129263
0.20575598953325494
0.20310622029201758
0.20057225090712869
0.1979591388209344
0.19517666943409656
0.19239473142430963
0.18978354407388737
0.18723604471474195
0.18454363152380798
0.18173421805233095
0.1789746044897915
0.1763028964822721
0.17359952053330024
0.17079723319665258
0.16794559159961533
0.16510426215477308
0.1622968491517341
0.1595170534646712
0.15675345942201582
0.15398254274719012
0.15117899519924122
0.14835776933596823
0.1455576539674676
0.142798818999691
0.14003904701793982
0.13724529020345624
0.13444200423396258
0.13165020548283715
0.12888269081031467
0.12613143629118043
0.1234118738232534
0.12069492757938084
0.11794461221816542
0.11523910468576067
0.11259532626143974
0.10991803035426055
0.10721279609691692
0.10452155930125949
0.10184022134518406
0.09922831649341693
0.09665011398391528
0.09403535706625045
0.09144245990435233
0.08889244187521114
0.08637247598959921
0.08383031371002782
0.08126744945754656
0.07875899856625021
0.07628477098393678
0.07381507916884213
0.07137545962972827
0.06895526063583948
0.06654475689513599
0.0641474005731311
0.0617585794841176
0.05939185388834005
0.05706786085766377
0.05473193627521198
0.05241977632857508
0.05014461874453294
0.04788942809684329
0.04566178138390455
0.04343295911223492
0.041203529799391465
0.03898669261035745
0.03681684362670883
0.03468027547780252
0.03255652032227185
0.030462217844727017
0.02835906357812045
0.026259304580661554
0.02418571251546856
0.02213858094850044
0.02012819470228256
0.018133680337908232
0.01615638586913235
0.014191612538548762
0.012244253089024444
0.010323405967274843
0.008404807490878359
0.00647919426886574
0.004616832653812253
0.0027664103824539175
0.0009391973207461509
-0.0008786285165967911
-0.0026998287538987143
-0.0045216045461548525
-0.006277770311753746
-0.008013386551115786
-0.009731335081621257
-0.011454642942953796
-0.013167376662645816
-0.014871215220713907
-0.016537789756277257
-0.01818305625938308
-0.019825929793876186
-0.021469579008853164
-0.023074171357131
-0.024653856740714748
-0.026219566887156986
-0.027751732694037894
-0.02929117761220302
-0.030829200458825787
-0.0323478679338038
-0.033835694683871036
-0.03530287310874674
-0.03676126611143502
-0.038209840363241675
-0.03965184895088072
-0.041090954043871385
-0.04251495066146305
-0.04391285723658503
-0.04527345965361226
-0.04662457111552006
-0.04795816155827121
-0.04929267418596244
-0.05061271602645358
-0.0519353345138138
-0.05324358904873634
-0.05453085485591392
-0.05580213895605321
-0.05704726758586697
-0.058280637549482844
-0.0594938269661976
-0.06070301813204135
-0.06190205667250173
-0.06308204042949393
-0.06424044230431937
-0.06539946046632608
-0.06657669034479904
-0.06776569107444447
-0.06892835991416509
-0.07002483108521851
-0.07107037053183944
-0.07212044443444672
-0.07320200347007967
-0.07430131166728007
-0.0753912188174929
-0.0764490420234021
-0.07745781671662162
-0.07842195151952043
-0.07938470865649476
-0.0803927699146706
-0.08143741440469701
-0.08245907133153771
-0.08340503074349807
-0.08429941507338418
-0.08521531138870711
-0.0861718019910659
-0.08712611549972647
-0.08805091104708349
-0.08893312015497609
-0.08982753430153588
-0.09072415994271903
-0.09158850744989971
-0.09243207079368526
-0.09328651317979678
-0.09415113453422942
-0.09499289053020755
-0.09579270885484897
-0.09657550075377136
-0.09737740146994109
-0.09820641673302315
-0.09902325721290642
-0.09978920950880052
-0.10053282899880524
-0.10125194984477873
-0.10198361109326916
-0.10274473287447564
-0.10350440622641012
-0.10424136694429934
-0.10494368592176925
-0.10562400794753207
-0.10630728296063978
-0.10699763786403196
-0.10767708752864043
-0.10834017505744906
-0.10900040583207585
-0.1096466065526613
-0.11031060910928024
-0.11093425870980221
-0.11154528070526813
-0.11213329573078473
-0.1127386512304535
-0.11335693396644236
-0.11396260456967487
-0.11455483057052902
-0.1151364002339714
-0.1157058128258683
-0.1162622039886827
-0.11681129718473547
-0.11735848876049033
-0.11789159841914625
-0.11840983698898241
-0.11892553821401558
-0.11942857582939723
-0.11993532879656546
-0.12042438521091299
-0.12091394765934828
-0.12139878040621947
-0.12187421382888507
-0.12234223113015522
-0.12279758476633447
-0.12323776005459214
-0.12366995390327512
-0.12410383987630856
-0.12454226687987292
-0.12497925346270904
-0.12540768808849048
-0.12582782515621413
-0.1262293974568204
-0.12661455990485326
-0.1269854669450145
-0.12734647392014817
-0.12770917347298222
-0.12806750317593582
-0.12841437058723196
-0.12875812196540817
-0.12910278712461906
-0.12944058861869698
-0.12977174549276924
-0.13009694006337041
-0.130414294501504
-0.13072178487260827
-0.13101798512138696
-0.13130121737729988
-0.13157724743566063
-0.13185583742433854
-0.13213041802970907
-0.13238300841987136
-0.132632990489473
-0.13287506251432432
-0.1331305461058567
-0.13337649741219101
-0.1336075493108486
-0.13381966748119492
-0.13403189743806745
-0.13423589185484844
-0.13443710924680657
-0.13462945310066252
-0.1348213079285415
-0.13500834566747813
-0.13518766011475236
-0.1353572225757432
-0.1355136199753171
-0.13565534062040568
-0.13578462684116252
-0.13593385130798954
-0.13607727616641985
-0.13622165513086013
-0.1363374065516799
-0.13643810726186795
-0.13654194998122574
-0.13664059883776075
-0.13673591834805165
-0.13682244517888192
-0.13688981464586428
-0.13695610596458702
-0.13701924839232144
-0.13706231612213174
-0.1371271151399488
-0.1371898472898124
-0.13721938132618636
-0.13723789275093357
-0.13725597190464026
-0.13727589830442638
-0.13730949336512027
-0.13732812616341333
-0.1373229721668262
-0.13732486699669455
-0.1373027368596259
-0.13726578404021364
-0.1372087530820257
-0.13717147233120006
-0.1371382136114145
-0.13711314695562654
-0.13707611911871898
-0.13699968220042819
-0.1369074520714662
-0.13681008583135962
-0.13672315493418713
-0.13664071101183975
-0.1365458310479994
-0.1364543504063988
-0.13634822224053475
-0.13622860159037867
-0.13608672861896404
-0.13593435965490244
-0.13578465813747206
-0.13564314428682564
-0.13550348474252966
-0.13535651537038879
-0.13517505392344636
-0.13497113144680573
-0.1347511831068573
-0.1345470736435099
-0.13435941174417015
-0.13417092160747757
-0.13397142404083032
-0.1337512761485243
-0.13351839789791028
-0.13327468678526772
-0.13302819408952474
-0.13277415841290766
-0.13250375460331726
-0.13222060222665658
-0.13192782460394598
-0.13164106131525272
-0.13135515579016518
-0.13106362685211934
-0.1307612613587717
-0.1304478613960858
-0.1301237187318937
-0.1297867739358717
-0.12943281808343463
-0.12907261084023483
-0.12870982563831415
-0.12834515109407033
-0.1279699720108577
-0.12758685264350997
-0.12718924645435833
-0.12678694102974836
-0.12638204065332276
-0.1259709170852697
-0.1255489268837863
-0.12511175623066606
-0.12466189359586129
-0.1242005448263266
-0.12373007875839809
-0.12324854635742023
-0.12276793297145522
-0.12228074694791549
-0.12177989950802062
-0.12127331327986136
-0.1207504873634349
-0.1202129247898019
-0.11967193932683719
-0.1191196374172705
-0.11855761449757836
-0.11798633647771624
-0.11740637849654452
-0.1168156518222626
-0.11621179629721515
-0.11559818051697164
-0.11497991875006904
-0.11434550446248484
-0.11370798825747291
-0.11307045969020729
-0.11240393254252865
-0.11172930952216405
-0.1110494683465608
-0.11034717979702294
-0.10963769837961716
-0.10892934553068821
-0.10820698308992008
-0.10746887191144433
-0.10671741607985012
-0.10594007922924789
-0.10514559095698293
-0.10435539644514051
-0.10355648007056999
-0.10273636265768574
-0.10191361748930253
-0.10107587541634047
-0.1002213004485545
-0.0993586483095252
-0.09848479086778592
-0.09759914911107283
-0.0967010495214197
-0.09578615338366774
-0.09485206224737226
-0.09390196592627191
-0.09294192030025528
-0.09197053273755743
-0.09100002876343467
-0.09001791244385136
-0.0890174225300361
-0.08799020912684791
-0.08693608257855061
-0.08586038566331643
-0.08477289640347815
-0.08367743169868606
-0.08257290679448263
-0.08145526861303705
-0.08032087123400432
-0.07916861957689865
-0.07800742835360452
-0.07683799303219956
-0.07565591298217941
-0.07445879468005981
-0.07323648232824605
-0.07198678038420692
-0.07070839394684457
-0.06940721130135499
-0.06808885948654293
-0.06676828596119808
-0.06543914503592288
-0.06410519703233628
-0.06275102816115291
-0.06137421956697686
-0.05996676689904703
-0.05853240782503472
-0.05706923419123129
-0.05559024609340805
-0.054095501292372464
-0.052584164539243264
-0.051066980939616965
-0.04952123219718227
-0.04796150148377644
-0.046375895790581725
-0.04477127862679377
-0.04314547207955333
-0.04149786639727988
-0.039822215768894866
-0.03812231636990002
-0.03640048022857627
-0.034659786489535334
-0.03290478641451718
-0.0311256769452271
-0.02931769839362062
-0.02748429292737124
-0.025626992295307124
-0.023745478948937658
-0.02183766924099141
-0.01990943985742035
-0.017960834541481556
-0.015989145058890604
-0.01398975903793153
-0.011957774543883203
-0.009894176602304109
-0.0078073621613422494
-0.005693396506859472
-0.0035644877741968155
-0.0014052619654402558
0.000784891922389382
0.0030019853313916654
0.005251052996193077
0.007518429459946674
0.009816942955039092
0.012140269469449549
0.014494238905461998
0.01688010040364816
0.01929845827211807
0.021741122786283047
0.02421471119388817
0.02671515171502771
0.029246486557547278
0.031808810330036866
0.03439987420799089
0.03702029458242085
0.03966841834399872
0.04234832462856654
0.04506341820051223
0.0478104325558282
0.05058811611739884
0.05339508466723165
0.056229290972000474
0.05909298121429269
0.061987072106282425
0.06491154555050685
0.06786766236835148
0.07085487293481568
0.07387309769565889
0.07692153563811246
0.08000027781240533
0.08311136545059128
0.08625478775320516
0.0894291810190405
0.09263311434273097
0.09586357921879482
0.09912295376258176
0.10240721560579118
0.10571980497146664
0.10906050688110915
0.11242814781868825
0.11582171945186133
0.11923819943592472
0.12268179068549424
0.12615431121627788
0.12965309621007842
0.13317187407338718
0.13670987350695515
0.1402703661598603
0.14385078016599476
0.1474501459476168
0.1510671897702295
0.15470420605956198
0.158348072577355
0.16201392250888536
0.16568906879532744
0.16937380590854426
0.1730766793810351
0.17677701871478416
0.1804974337142828
0.18420982991409005
0.18791875802123742
0.1916319828165868
0.19534618114101293
0.19904953302649606
0.20274311093604352
0.20643759882287943
0.2101091909257595
0.21377619229779204
0.21741786213315753
0.2210425233533987
0.22463496773621733
0.228205939310317
0.23174011897097221
0.23523602390183831
0.23869301331181222
0.24211307451155004
0.24548798726371424
0.24880825097961184
0.25207404503801456
0.2552745965910713
0.25841124094663404
0.26147812129547815
0.26447465605670406
0.26739087820365864
0.2702226832834557
0.27296573311825106
0.27561644310513034
0.27816972285005853
0.2806182136525114
0.2829499336534084
0.28516233528092794
0.28725263920954613
0.2892133085103476
0.29104204910399906
0.29273107122115316
0.294276056569781
0.29567007874407475
0.29691117865626687
0.2979990172777169
0.29892085310355204
0.29967438539178676
0.3002519808812688
0.3006506839655259
0.30085737449734323
0.3008720462219732
0.30069614228809677
0.3003272544660803
0.2997595865999576
0.298987581209461
0.2980085525535254
0.2968234555614723
0.2954265017274338
0.29381944677830396
0.29200096748475723
0.28998419827511507
0.2877547872017601
0.2853204107194235
0.2826667219491417
0.27980759739549893
0.2767498100629761
0.2734996817359037
0.2700452387729174
0.2663791128348161
0.26252074650309304
0.25847819655481646
0.2542687190343064
0.24988423248756064
0.24532191337594364
0.24059903823946277
0.23571743756242006
0.2306813386379475
0.225495666916869
0.22017558687194913
0.21472311447710352
0.2091467060996796
0.2034493317450559
0.19763518429986107
0.19171852525498684
0.1857089087077438
0.1796275477738244
0.1734712416514346
0.16725696664741274
0.16098757433650188
0.1546678494409922
0.14830530076570672
0.1419124672320213
0.13548719662862918
0.12903942424330667
0.12258298108846902
0.11611519247456101
0.10965054946039458
0.10319393283196708
0.09675163254709389
0.09032680641964722
0.08392531430661355
0.07756015999470947
0.07122897216864033
0.06494484917000515
0.05870638806342375
0.052521481744639685
0.04639216930713701
0.0403242613669543
0.03431602333724773
0.02837750649806973
0.02250749347233049
0.01671560361733384
0.010995283124479253
0.005352686384917623
-0.0002066339214081836
-0.005670489416426487
-0.011070468407658988
-0.01636883544502344
-0.021590997691669618
-0.026714286707594206
-0.03175139770462939
-0.03670088140296552
-0.04155428329382384
-0.0463158140254933
-0.05098616321761066
-0.05556286796660383
-0.06004662867543402
-0.06443900472574834
-0.06874291065428413
-0.07295489176661363
-0.07707745489880485
-0.08110941322595219
-0.08504476859274655
-0.088895588270699
-0.09265119081635144
-0.09631968390886327
-0.0998997545975263
-0.10338843987760289
-0.10679843756507168
-0.11012257578604943
-0.11336304337611018
-0.11651776270945723
-0.11959362283043798
-0.12258673698659944
-0.1255003186275798
-0.1283346331781343
-0.1310936210996201
-0.13377092190517129
-0.13637099187008014
-0.1388959287928645
-0.14135037183687468
-0.14374309559620144
-0.1460607171028168
-0.14830845624473527
-0.15048898336575955
-0.1525922136769296
-0.15464938981994625
-0.1566116172774173
-0.1585301370013885
-0.16038135231378117
-0.16217940041578677
-0.16389334715430362
-0.16557872839548698
-0.1671668989083102
-0.16874520443522176
-0.17024207255608464
-0.17168206087157264
-0.1731031212468603
-0.17439505991432422
-0.1757108226689392
-0.17693906373490145
-0.17812519830532192
-0.17926482617827258
-0.18035608506686931
-0.18142399446486385
-0.18241172281786647
-0.1833848974814714
-0.1842956065238411
-0.18516051612728573
-0.1859827630790704
-0.18676768953196946
-0.18752039182784017
-0.18821112633426082
-0.18889117871846395
-0.18951747306208044
-0.19011190636703929
-0.19067311416850147
-0.19120336174113012
-0.19168848817119985
-0.19213930273074123
-0.19257105691841142
-0.19294374645167997
-0.19330733404744554
-0.1936290424107625
-0.1939126410745075
-0.19417166408401082
-0.1944028425427291
-0.1946043766682673
-0.1947773967167791
-0.19493145314773414
-0.1950473089310492
-0.1951444997402253
-0.1952058169146767
-0.1952599314342289
-0.19527311545800596
-0.19526472580135418
-0.19522597333084757
-0.19516280986904538
-0.19507923442625005
-0.19497431018621872
-0.19484189583250214
-0.1946917885777168
-0.1945236262546132
-0.19433032075747292
-0.19412440623948632
-0.19389579507680044
-0.19364954849195706
-0.19338110154061874
-0.1930936522181033
-0.19278906622075548
-0.19246109203850684
-0.19211531784180333
-0.1917538872973343
-0.19137435204817924
-0.19097691847573514
-0.19056010898926842
-0.19013791442050093
-0.18969223620951445
-0.18923903806790557
-0.1887679060542401
-0.1882839314872304
-0.18778368848959986
-0.18726288676085404
-0.18674440001707637
-0.1861914802594574
-0.18564024998940737
-0.18507446301452812
-0.1844915488509012
-0.18389933882007484
-0.18329967179047532
-0.18267490750020177
-0.18205386487986175
-0.18141311936291232
-0.180760619342315
-0.1800979779468482
-0.17942367063483763
-0.17873661242967387
-0.17804075995204205
-0.17733912156695433
-0.17662426172169698
-0.17590154461489077
-0.17516885410134364
-0.17442758772842712
-0.17367752824534363
-0.17291913555342925
-0.17215104406149256
-0.17137321868161165
-0.17058743053400557
-0.16978985206387165
-0.16898418776809573
-0.1681710868220487
-0.1673514187231992
-0.16652630471888016
-0.1656927537014089
-0.16485392419805814
-0.1640051601251514
-0.16315281377109253
-0.1622905122779424
-0.16142087474723135
-0.16054644313368555
-0.1596641323552537
-0.1587738418061761
-0.15787572954409512
-0.15697135783688718
-0.1560592805083085
-0.15514258560596234
-0.1542212327600429
-0.153293051818774
-0.15236253728841595
-0.15142783806137458
-0.15048608799839988
-0.1495384450479264
-0.14858543719643602
-0.14762628180283788
-0.14666060296986647
-0.1456889930563527
-0.14471137893224484
-0.1437322368383254
-0.1427489065005337
-0.14175971875635252
-0.14076776907574337
-0.13977186284366994
-0.13877064356235636
-0.13776764455430549
-0.13675963465839835
-0.13574657793024478
-0.13472960264938802
-0.13370883231532033
-0.13268486029833834
-0.1316559976591287
-0.1306201782206458
-0.12958446528079118
-0.1285414681756244
-0.12750108865163848
-0.1264503697759261
-0.1254025953447845
-0.12435113814321458
-0.12329559174512769
-0.1222366546016674
-0.12117279378403532
-0.1201039621215692
-0.11903191255778912
-0.11796005950291714
-0.11688560588873985
-0.11579997168856528
-0.11472209864153556
-0.11363407100091791
-0.11255160766922571
-0.1114535843989439
-0.11036546253922405
-0.10927150099853904
-0.10817125615346063
-0.10706773976548002
-0.10596126957631
-0.10485161223721727
-0.10373894590360351
-0.10262365703146656
-0.10151005644144201
-0.10039225106097215
-0.09926711100400733
-0.09814871256252929
-0.09702009639457097
-0.09589348984099123
-0.09476155751142556
-0.09362660519082719
-0.09249032661758984
-0.09135150940395391
-0.09020960671801627
-0.08906511316897081
-0.08791883109235385
-0.08676962671949724
-0.08561760986859829
-0.08446261032467296
-0.08330567970991941
-0.08214840139086826
-0.08098453175226533
-0.07982421446164475
-0.07865745619731304
-0.07748934312158913
-0.07632111448522684
-0.07515048049288282
-0.07397725794860908
-0.07280202983452758
-0.07162278232749959
-0.07044271863712008
-0.06926038306790284
-0.06807775541614944
-0.06689207375097604
-0.06570003150108902
-0.06451630670856427
-0.06331955823030455
-0.06213202274478912
-0.06092640454338228
-0.05973309432789241
-0.058535559809611
-0.057329820445578626
-0.05612433588181318
-0.05491730445112542
-0.05370811735876373
-0.05249692043247952
-0.05128294580923788
-0.05006856713821814
-0.04884933065398419
-0.047629632211987884
-0.0464114788493769
-0.04518675006801042
-0.0439639476417805
-0.042739663204885876
-0.04150902520199414
-0.040279736526369445
-0.03904887981444176
-0.03781447868043699
Hole ID: 2
0.010378244067626951
0.0314134807389119
0.04882646062607989
0.055422217868021546
0.06084321574153601
0.06449278978677313
0.06829214538417053
0.07074180139499713
0.07497469378402144
0.08479926811406954
0.09263044153568008
0.09398834851681101
0.09573295801659706
0.10286811237861333
0.10904551339437868
0.11247508331125336
0.11630533406739166
0.12033426625399504
0.12313162438966382
0.12540668493344
0.12795103411884767
0.13026242082817063
0.13195733408035248
0.13321464274673053
0.13400396472873577
0.13436921607979785
0.13468817784369047
0.13465247766215452
0.1338598818006505
0.13269424264040855
0.13138133985119585
0.12962947241221567
0.12742000751490962
0.12494638005024446
0.12212690207599763
0.11887498932162034
0.11532771088966823
0.11152934762351485
0.10745400801233487
0.10307289236632199
0.09842873859380058
0.09362058883918932
0.08863611349892284
0.08341425116148381
0.07805570222171822
0.07261598407647576
0.06706164682073285
0.06144748350963732
0.05581974390117637
0.050206659357859354
0.04460964789077444
0.03906053066315943
0.033615948271465614
0.028277445636419075
0.023091118226674232
0.018062347935250144
0.01321420928121384
0.008591206917559487
0.0041826834795765915
2.1652740834158615e-05
-0.0038798844199328998
-0.007503703320463965
-0.0108508078083295
-0.013894880782994256
-0.016643810030316876
-0.019086290657940246
-0.02121157311607469
-0.023033792473670277
-0.024526865871705703
-0.025717817160619782
-0.02658414262339083
-0.027143905219962683
-0.027396497492552314
-0.02734095164162403
-0.026988346174245746
-0.026336381163388344
-0.0253884425618701
-0.024168670450521915
-0.022651552039498073
-0.0208777458654467
-0.018824793606637618
-0.016508896954410206
-0.013920204866293565
-0.011112062134062484
-0.008029985297593575
-0.004693940081518966
-0.0011325566245846388
0.00262971908666918
0.006643511444300184
0.010959810764091093
0.015461031622137003
0.020117476410515273
0.02503165984391586
0.030212003436182428
0.035517891498253844
0.04107309423863574
0.04688571445422918
0.05277832548325758
0.058869255753153264
0.06522263565795719
0.07163039569549555
0.07809296991654732
0.0847194922619721
0.09131199639578978
0.09771613448569608
0.10388786508170776
0.10953000018928011
0.11429640981964168
0.11763976780530119
0.11865262681944534
0.1160302299778453
0.10779829584318937
0.09088440096062934
0.061028799486261436
0.013097858667626857
-0.05720602063862401
-0.1482786256310187
-0.2441097634170243
-0.3115367314288534
-0.3202932574905385
-0.2733654483791466
-0.20352869349500793
-0.14296552160870443
-0.10625077644043728
-0.09209958026182387
-0.09209552271757886
-0.09792846167796228
-0.10428555934166445
-0.10885969391571185
-0.11128771785174366
-0.11207929726739228
-0.11190123422985583
-0.11126649568629361
-0.11048747759516786
-0.10972930477768537
-0.10904664556653204
-0.10843382938469973
-0.10788696374150011
-0.10740534321938094
-0.10692297909865912
-0.10629919424398615
-0.10545330732740972
-0.10449785071986498
-0.10364254424706729
-0.1029540734437667
-0.10225858278204711
-0.10136420497335795
-0.10030128057890021
-0.0992696840596877
-0.09837860166842587
-0.0975229537500944
-0.09655374960183608
-0.09548006852945905
-0.09441292911627616
-0.09339599860260415
-0.09235472153042086
-0.09124179124120897
-0.09011502029433421
-0.0890563058958822
-0.08804301845409673
-0.08696906805738298
-0.08579137979731695
-0.08458295417327691
-0.08343113288732222
-0.08233317629160244
-0.08122244832851232
-0.08008023596177007
-0.07891460915781394
-0.077734853093749
-0.0765458900726929
-0.07536120439387825
-0.07420870068617541
-0.07307696027552027
-0.07192879296739202
-0.0707536854495037
-0.06953447641178698
-0.06827999724075724
-0.06709559268611187
-0.06599731775286391
-0.0648512817720326
-0.06365444931318412
-0.06248271003179724
-0.06135425287322628
-0.06020675989070933
-0.059010578762516745
-0.05779404305182965
-0.05659919743154139
-0.05545685930241054
-0.054360030508074905
-0.05326837705694961
-0.05214212131047399
-0.050965924536128186
-0.049778072506891154
-0.04864296551158323
-0.047542836729653475
-0.04640469302627252
-0.04523708476517356
-0.04412049487693821
-0.043060780488042856
-0.041997569724991496
-0.040905031447008376
-0.03980293948630399
-0.03870847960742433
-0.03762410986678333
-0.036531103753110014
-0.03542306946550345
-0.03434154161348317
-0.033318726612372514
-0.03232465312530148
-0.031312053308672226
-0.03026286303084807
-0.029195978126016087
-0.028150659174528414
-0.027145831123967904
-0.02616059664799953
-0.02516936859301353
-0.024165575621098393
-0.023166437578325372
-0.02218725913895459
-0.021218327596522594
-0.02025313471579769
-0.01929897953588219
-0.018351173692149322
-0.01739393230592062
-0.016430328639945913
-0.015493715947776347
-0.014595616807072057
-0.013697998702474953
-0.012770785295210392
-0.011841098639573507
-0.010942771740383724
-0.01006138118926998
-0.009181063402112007
-0.008312646701109353
-0.0074500730723945216
-0.006578526419060893
-0.0057103429821334355
-0.00486570535710958
-0.004035581353002252
-0.0031974589036693145
-0.00234728985476238
-0.0015065322535150472
-0.0006901586770235705
0.00010999332862837718
0.000906281751243417
0.0017018076262824402
0.0024989328466451374
0.003297452158389073
0.0040860665006301625
0.004853944934271226
0.005601033415189249
0.006340022099349577
0.007087564425472218
0.007840136307530561
0.008577113916224259
0.009300859397109206
0.010029598636458558
0.010766587164138742
0.01149598312933288
0.012205096997003295
0.012899324837258537
0.01359001591176489
0.014280255709791826
0.014965637475200093
0.015632394372544902
0.01628662917283113
0.016949929793611554
0.017641687967658252
0.01835277298444827
0.019041627061236473
0.019676204558965793
0.020269794441535774
0.020870449710933058
0.021497892116011504
0.02212275403059157
0.022719348379872408
0.023315210174228676
0.023949370786635407
0.02460113641525249
0.025203143545013754
0.025742078989653788
0.02629358674951471
0.02692159237592501
0.027581930061727652
0.028174372563471075
0.028669002930554775
0.029141130940045674
0.029684480905303682
0.030298346375852603
0.030895665493776293
0.031431861783221035
0.031939238755163045
0.03246601292032298
0.03301045516144718
0.03353173218779505
0.03401625537691911
0.03450345242421863
0.03502816058470059
0.03555557851222311
0.03603175597676796
0.03647716196948541
0.03696254828798621
0.03750283271609497
0.03802925512251516
0.03847948409809425
0.038885540893233636
0.03933467173125767
0.0398478106407383
0.04035207710698738
0.04078502651480749
0.04117248174630473
0.0415833880817478
0.0420471424796468
0.04253426990490515
0.04299716463524916
0.04341254449935447
0.043807088699054475
0.04421263315590215
0.04464044914145416
0.045073787245733264
0.04548656358136647
0.0458667593514626
0.04623948650196787
0.046623497465697265
0.04702122637710969
0.04741070494473997
0.04777611915712328
0.04813478829135984
0.04851210221051782
0.048905887726730886
0.04928820175042077
0.04963925883913684
0.04997062239695964
0.05030814042852304
0.05066293932607948
0.051025094630805276
0.0513759966598613
0.05170724987123236
0.05203160809751424
0.052368277218560404
0.05271676352983453
0.05305804349397292
0.0533779594632539
0.053682999890836906
0.05399231819000505
0.05431101954776594
0.054621051578687956
0.054916494540522366
0.05520128018151501
0.05548893472069381
0.055789442799082184
0.056096190626613425
0.05639478509549842
0.05667840075262944
0.0569484865474242
0.05721705881722651
0.05748567719288502
0.05774692866523736
0.05800404068722192
0.0582667246157546
0.05853573548494874
0.058796066572469385
0.059036325790282736
0.05926474118953564
0.05949414199646933
0.059727493704800357
0.0599604401337596
0.060199585311338906
0.06045073679478368
0.060702406831403266
0.06093329708743482
0.06114061464141874
0.06134324918634633
0.06155447759339741
0.06177163252345631
0.061984702919732605
0.06219089418934468
0.06239159346793599
0.06258576090035177
0.06277210224296587
0.06295155970769031
0.0631330886390927
0.06332435758667761
0.06351900595438972
0.06370510651262862
0.06387798196171796
0.06404523563972238
0.06421168783673607
0.06437565029958374
0.06453568568494981
0.06469276212052222
0.06484710677937121
0.06499693798020255
0.06514354650822393
0.06528999444265651
0.06543585905477206
0.06557594654398997
0.0657062456440741
0.06582859118550459
0.06594938969937138
0.06607361781332202
0.06620118822352007
0.06632879776483189
0.06645125115033561
0.06656422759875322
0.06666661816174914
0.06676216973811128
0.06685784473751445
0.06696018667029383
0.06706989726065066
0.06717899451834626
0.06727443810045865
0.06735033413278965
0.06741529653548733
0.0674845370800322
0.0675640378293764
0.06764614603067684
0.06772121590373388
0.06778709832395673
0.06784612306052319
0.06790172976661306
0.06795639151331159
0.06800936605957399
0.06805456748554661
0.06808580382111984
0.06811469273378161
0.0681547901659845
0.0682089615307414
0.06825953011580736
0.06829349870518418
0.06831221301845289
0.06832837631122193
0.06834290189077308
0.06835109833525337
0.06835515058083198
0.06836267029112549
0.06837444012903499
0.0683767462175363
0.0683596172965963
0.06833429511329049
0.06832279864451228
0.0683311931879473
0.06833919478456493
0.06831976030092808
0.06826967289240524
0.06821411718575993
0.06817732699399433
0.0681551651440221
0.0681252876785057
0.06807613715983034
0.06801529512648491
0.06795529378526907
0.06790003889429291
0.06784436662060879
0.06778181162652762
0.06771096819379162
0.0676356284431686
0.06755854242590924
0.06747821512145151
0.06739347698845867
0.06730491211696972
0.06721276926950472
0.06711764190991971
0.06701678362717871
0.06690736482645245
0.06679837820180409
0.06669036237812236
0.0665831240329491
0.06646583311198904
0.06633520731716279
0.06618816310926974
0.06603629191753507
0.06588481116344601
0.06574261310753068
0.0656076436215462
0.06546749986746694
0.06531306848794666
0.06514228753763215
0.06495964054430867
0.06477370857902968
0.0645916344484481
0.06441555621682085
0.06424136446764853
0.06406015754266718
0.06386556474346652
0.0636591746743998
0.06344705031766343
0.06323149702754118
0.0630101124418355
0.06278142042507681
0.06254799436021301
0.062310613771381425
0.06206807117064557
0.06182144459612857
0.06156741492513002
0.061305253999807977
0.06104284231972296
0.060770398064064084
0.060501486328490256
0.060222604942678025
0.05994231605970128
0.05964443789766373
0.059347431244085654
0.059043206801226704
0.058729897057812744
0.05841700592385071
0.05809752858616595
0.05776694344242088
0.057427333646720057
0.057082387782474577
0.056733608259370766
0.05638019265693828
0.056020575360885276
0.055652604248192246
0.05527570458077875
0.05489007833395168
0.05449454481547728
0.05408789526760576
0.053672399520629216
0.05325408461870893
0.05282778192903497
0.05239728921354659
0.05197497009622414
0.05153930984795731
0.05109519991107211
0.0506283474607578
0.05015460548642068
0.049668853557365604
0.04918084443932784
0.04869270260557859
0.04819982936718989
0.04770002496486612
0.04718784132575363
0.0466586495632189
0.046111666184957774
0.045551239526021095
0.04498541327296752
0.044419266956605814
0.04385179614244521
0.04327701430590949
0.04269096363037412
0.04209103429607062
0.04147532550351312
0.04084629299717181
0.04020700899644014
0.03955683345808015
0.038902017399124314
0.038239067293961856
0.03756570935144934
0.03687896479403188
0.03618034441477923
0.035475021447054604
0.034759200456972825
0.03402285310848227
0.0332633063876789
0.032491719314971176
0.03172187222602266
0.03095610635093736
0.030180602857724045
0.02937950606840379
0.028549031526192082
0.02770033130251761
0.026844608716260272
0.025987684595830274
0.02512338373020313
0.024245801118161835
0.02335100952538376
0.02244025356994115
0.02151332381111407
0.020569199151893734
0.019607016642997622
0.0186279998676793
0.01763604539169113
0.016634194692160282
0.015621844216234611
0.014595855537952219
0.013553230559327289
0.012491130436683307
0.011407480847103576
0.010304576691680485
0.009188228252457738
0.008059684979104512
0.006917205406687543
0.005755522680939388
0.004573260987648098
0.0033737633480418103
0.002159839377258758
0.0009304642633068738
-0.0003187891095251416
-0.0015900570614505228
-0.002880948356405592
-0.004188004090591827
-0.005510863534143577
-0.006851157564330871
-0.008210277170901748
-0.00958917620350898
-0.010988066011061429
-0.012408720435264324
-0.013849879907337955
-0.015309439137696283
-0.0167850232313711
-0.018276657556213157
-0.019787146981876922
-0.021318687397845794
-0.022872245978175935
-0.02444726761503991
-0.026042485996042804
-0.027656987057034618
-0.029289962584362665
-0.030941399477674734
-0.03261112449593592
-0.034300364611573285
-0.03600850516012836
-0.03773502532457561
-0.03947928072713627
-0.04124166477514658
-0.04302286713745076
-0.04482213281158399
-0.04663800614945046
-0.048469228805610956
-0.050316886653194594
-0.052182528582794416
-0.05406701120983494
-0.05596857221066642
-0.05788564257198914
-0.05981739439702428
-0.06176272599138125
-0.06372041478644282
-0.06568841664488569
-0.06766639106925823
-0.06965472166728545
-0.07165477535781335
-0.07366491622001069
-0.07568426817157341
-0.07771063051115708
-0.07974175603064543
-0.08177584953794152
-0.08381227885898639
-0.08585227299177613
-0.08789606052150395
-0.08994047054268771
-0.09198503743326848
-0.09402376571107104
-0.09605755816183432
-0.09808485078737413
-0.10010189245706644
-0.10210693439949263
-0.10409973723912416
-0.10608289929242544
-0.10805131329444295
-0.11000212298539934
-0.11193079331150751
-0.11383626440329879
-0.1157170286806296
-0.11757163777194984
-0.11939750417602847
-0.1211916433365164
-0.12295280022107527
-0.12467940691308795
-0.12636895326005645
-0.1280184597153634
-0.1296246777128213
-0.13118610153265706
-0.1327009404141118
-0.13416721649713093
-0.1355823293867516
-0.1369434442332377
-0.138247681403413
-0.13949259665357897
-0.14067636949890125
-0.14179706105744003
-0.14285283427906137
-0.14384118282571734
-0.1447599004282239
-0.1456073660176531
-0.14638229004471506
-0.1470829662968318
-0.14770706921943458
-0.14825301299856003
-0.14871902197683226
-0.14910446236068253
-0.1494085520967147
-0.1496305265912961
-0.14977035306669867
-0.1498281011920639
-0.14980338826220768
-0.14969448566829868
-0.14949934430214426
-0.14921774223448522
-0.14884939875850686
-0.14839455710792512
-0.14785348392785097
-0.14722729445805857
-0.14651851968438384
-0.1457275661339627
-0.14485264477043197
-0.14389072512160012
-0.14284380090387191
-0.14171834200106684
-0.14051862545736546
-0.1392415787299837
-0.13788458402934414
-0.13644945588745566
-0.13494400857355845
-0.1333745577739375
-0.1317410471881845
-0.13003931550604583
-0.1282695810449893
-0.12643442529226084
-0.12454062914100567
-0.12259196800909346
-0.1205883057788706
-0.11852565110068233
-0.11640625791148454
-0.11423554721758486
-0.1120227183704257
-0.10977009426035128
-0.10747745226804033
-0.1051393710410571
-0.1027669836350509
-0.10036008095129047
-0.09792750366019819
-0.0954687806217168
-0.09298052090976157
-0.09047293811516396
-0.08793840230025414
-0.08538743659194713
-0.08282009501167925
-0.08023804243417605
-0.07764090965901929
-0.07503079912881011
-0.07241320202745574
-0.06979109072124814
-0.06716777958284866
-0.06454398501890092
-0.06191908822299747
-0.05929338710092769
-0.05666966427623474
-0.054049513092842956
-0.051439829756575746
-0.04884275148761598
-0.04626044416619758
-0.04369204932313598
-0.04113545391282116
-0.038590292324767954
-0.03605789494099222
-0.03353969591405814
-0.03103946137786693
-0.02855806242460801
-0.026098568292938752
-0.023662106362485245
-0.021249215887701213
-0.018860010352298673
-0.016493798195423893
-0.014150421565440751
-0.011830691544628754
-0.009536642121365447
-0.007270353666197119
-0.005032292999040067
-0.0028222617734508996
-0.0006390257008746403
0.001518546923018486
0.0036493955356055115
0.005751202401311654
0.007822204860544938
0.009862055350217721
0.011871472466325864
0.013850677390122239
0.015799460222559958
0.017717316599158057
0.0196038298635519
0.021459768458484994
0.023287307412042917
0.02508708597401584
0.026858510162463982
0.028600387329226134
0.030311040524800603
0.03199014333828221
0.033636922236522794
0.035251744730624306
0.03683458595710884
0.03838721369013385
0.03991143058685888
0.04140769849011197
0.04287687348945042
0.04431796638793652
0.04572996750815908
0.047111928195605654
0.04846465704547225
0.049788816107895546
0.05108531168490605
0.052354885481448336
0.053597534671824695
0.054812899020590916
0.05600136325253236
0.05716304374075462
0.05829682593361518
0.05940444007229413
0.060486269952592056
0.06154305911938834
0.0625763583097894
0.0635862073389133
0.06457232171332755
0.0655345804589113
0.06647252830965203
0.06738531484536422
0.06827301326069962
0.0691386985443108
0.06997966599840068
0.07080175378246416
0.07159966980580267
0.07238049485048445
0.07313719742485389
0.07387211556375159
0.07458739429148634
0.07528165832514008
0.07595488707882699
0.07660779870318896
0.07724107809508331
0.07785512004286896
0.07845109223302439
0.0790305659551251
0.07958758597704498
0.08012789087564845
0.08064772076745588
0.08115031420423477
0.08163370356032
0.08210284220052202
0.08255665484284833
0.0829937375753282
0.08341327739421847
0.08381615720124766
0.08420427217017684
0.08457788680398863
0.08493576780641092
0.08527690746516232
0.08560228987010182
0.08591383041161578
0.08621295369442095
0.0864989830456428
0.08676943713633137
0.08702484738063987
0.08726520449943441
0.08749322016666715
0.08770903074986668
0.08791259487529572
0.08810439629444271
0.08828457100604795
0.08845336409005805
0.08861112737166982
0.08875753147613825
0.08889145358906726
0.08901172142956805
0.08911848824970624
0.08921163944059743
0.08929332384680512
0.0893646687610134
0.08942684502766933
0.08947932067568067
0.08952248744101278
0.08955578398324254
0.08957945479260825
0.08959402049250116
0.08960014667959465
0.08959765103477271
0.08958610323808121
0.08956464685755729
0.08953383280035136
0.08949392008969616
0.0894445703183256
0.0893856239056106
0.08931683170502443
0.08923881838579083
0.08915276638593166
0.08905963968569494
0.08895930885035834
0.08885131628671937
0.0887357259781974
0.0886134529422184
0.08848460101026252
0.0883487797900159
0.08820556202394604
0.08805383070173936
0.08789494903896487
0.08772868899563756
0.08755633474506652
0.0873769074342287
0.08719123443170153
0.08699933292524804
0.0868010457418985
0.08659662318423453
0.0863860462877445
0.08616894526061904
0.0859452109307199
0.0857150226787302
0.08547946686921601
0.0852390930710186
0.08499363554456589
0.08474284127666133
0.08448603761174335
0.08422391942657062
0.08395625669978651
0.083683749763766
0.08340617804296548
0.08312435072426609
0.08283696305782419
0.08254500555215998
0.08224927502933355
0.08194777185695964
0.08164227125149874
0.0813302198779733
0.08101271710315719
0.08069091228325362
0.0803649791022399
0.0800366045674456
0.0797045521781437
0.07936781352532307
0.07902635507927443
0.07868044319600026
0.07832979245990401
0.07797447489332257
0.07761511572803197
0.07725260115929634
0.07688684999381318
0.07651743627675671
0.07614395627698159
0.0757669387035411
0.07538672972447008
0.07500315636622877
0.07461512689562728
0.07422341030138568
0.07383000285142481
0.0734312374456529
0.07303001655280046
0.07262467448503453
0.07221683705269276
0.07180410299409085
0.0713895721265601
0.0709694516919998
0.07054748937728045
0.07012307736224012
0.06969456576683655
0.0692633036002455
0.06883001870121604
0.06839394587515765
0.06795470577815325
0.0675123407365928
0.06706686642029543
0.0666181554212964
0.06616650495396463
0.06571290702496929
0.06525740353717437
0.06479888939365815
0.06433627432691721
0.06387167575838196
0.06340616027784834
0.06293587048591547
0.06246191852146078
0.06198984361399136
0.061510011770997776
0.06103328702923303
0.06054877063076048
0.06006762949868286
0.0595761198600452
0.05908887131733753
0.0585938527062414
0.05809551048573418
0.057601376615061435
0.057103193810961565
0.056598871687384644
0.05609309529918901
0.055587960409874584
0.055080575692518195
0.05456954436260073
0.05405527201580126
0.05353780768936266
0.05301747668636144
0.052495326755858565
0.05197266122831555
0.0514493140317839
0.05092137186558787
0.05038783524969605
0.04985364616272321
0.04932306564388599
0.04878620242989887
0.048244638233621844
0.04770855930795624
0.04716282069341915
0.04662039298158926
0.04607069149513616
0.045524532300160084
0.04497100277902864
0.04441960928346755
0.04386351993297074
0.04330442306910906
0.042745244346762475
0.04218308473480524
0.041618022593642695
0.04105147912897114
0.04048307601214939
0.039912399831007646
0.03933980067636256
0.038765927904437565
0.03819028443899744
0.0376124786552424
0.03703278809558365
0.03645144843202104
0.03586754740878983
0.03528084426811754
0.03469193134748849
0.0341021716724048
Hole ID: 3
0.022823981036177297
0.06352547463984266
0.08715470697897203
0.09318499560886216
0.09289012237513354
0.09161976424772433
0.09152502996073106
0.09261683082947769
0.09423132375866257
0.09539691127847168
0.09565829115259632
0.09582302101914048
0.09914765616264513
0.10496429578309333
0.10397398772998419
0.09888018476504498
0.09521278828859701
0.09170571430307224
0.08859169183093295
0.08691760876808582
0.08572156891027163
0.08356834826707218
0.08028359894435179
0.07700262986720029
0.07405646977466726
0.07105929019181853
0.06776824227704499
0.06433246692118406
0.06114830127815481
0.057671447388895555
0.05382358807042209
0.05002501099883669
0.0462379981740483
0.04228933994261344
0.03821016304309287
0.03419220994135467
0.030056996164330486
0.025824921357898725
0.021501019379488184
0.017126127619754548
0.01269632883851841
0.008217780010783333
0.003650210396917449
-0.0009581503738028611
-0.005603246005888233
-0.010296250568457784
-0.015059239452662609
-0.01985015271420707
-0.024678020761259252
-0.029538298438644497
-0.034445863483893883
-0.039368916208586784
-0.04433944241113655
-0.04933667964950293
-0.05435585660520606
-0.059399259174623846
-0.0644629942697596
-0.06954412408942924
-0.07465165749080617
-0.07977211370066044
-0.08491331317060305
-0.09006498895532834
-0.09522787805004782
-0.10040395412632534
-0.10559718300973912
-0.11079363180174842
-0.11599737173526421
-0.12121387461147748
-0.12643677554285848
-0.1316642301371734
-0.1369004323652052
-0.1421392472732163
-0.14738326001100788
-0.15263149907221324
-0.15788371791312011
-0.16314081921833565
-0.16840291873193028
-0.173661151178066
-0.17892415386390326
-0.18419006055421144
-0.18945384743369076
-0.19472009011668986
-0.19999257234792983
-0.20525110720210052
-0.2104776914187222
-0.2157327216533071
-0.22101472982110928
-0.22620999045824858
-0.23141193535675258
-0.23666638140904558
-0.24179827671759996
-0.24688828025101847
-0.2520566989814083
-0.2571459483439895
-0.2620261960054717
-0.26695275257326945
-0.27189457839768544
-0.2764369525510716
-0.280869378217749
-0.2853627233784006
-0.28934878344533294
-0.29298029222151506
-0.29629865721806964
-0.29906951172316715
-0.3010739336987953
-0.30206692246026656
-0.30205245198949293
-0.30038101182629334
-0.29644690376704025
-0.2898825059867306
-0.27943928337493323
-0.26366666170829894
-0.24078479578124784
-0.2079370736142508
-0.1614786819538774
-0.09816426529466658
-0.018248889524938507
0.0660210424157441
0.12409336005427202
0.1243042056062824
0.06826703419636265
-0.009468196197812992
-0.07478814795501876
-0.11345957139507235
-0.12835362515330145
-0.12893803249316207
-0.1236936160087789
-0.11777666427178701
-0.11339303808595176
-0.11093034029283212
-0.10994233104734927
-0.10975652005785577
-0.10980476897774949
-0.10975907052696551
-0.10951856978626134
-0.10910361996549867
-0.10857580915620584
-0.10801603914588907
-0.10748776022154989
-0.10696070560054309
-0.10630747611607443
-0.10544757651028351
-0.10448857915735772
-0.10363490406781442
-0.10294953308948311
-0.1022567054614632
-0.10136395753246162
-0.1003017373317397
-0.09927026221627853
-0.09837903827458226
-0.0975231938378811
-0.09655383622845078
-0.09548006827984985
-0.09441289575244106
-0.09339596344855323
-0.09235469717926505
-0.09124177897219396
-0.09011501663951643
-0.08905630671869365
-0.08804302071498273
-0.08696907012596805
-0.08579138111504428
-0.08458295477375337
-0.08343113301797635
-0.08233317620106888
-0.08122244818345574
-0.08008023584371245
-0.07891460908877831
-0.07773485306600562
-0.0765458900697278
-0.07536120440127997
-0.07420870069509343
-0.07307696028206981
-0.07192879297089026
-0.07075368545068793
-0.06953447641170148
-0.0682799972402132
-0.06709559268559981
-0.06599731775250106
-0.06485128177188244
-0.06365444931313106
-0.062482710031829924
-0.06135425287325802
-0.06020675989073112
-0.059010578762516745
-0.057794043051851436
-0.05659919743154092
-0.05545685930241054
-0.054360030508074905
-0.05326837705694961
-0.05214212131047399
-0.050965924536128186
-0.049778072506891154
-0.04864296551158323
-0.04754283672966485
-0.04640469302626116
-0.04523708476517356
-0.04412049487693821
-0.043060780488042856
-0.041997569724991496
-0.040905031447008376
-0.03980293948630399
-0.03870847960742433
-0.03762410986678333
-0.036531103753110014
-0.03542306946550345
-0.03434154161348317
-0.033318726612372514
-0.03232465312530148
-0.031312053308672226
-0.03026286303084807
-0.029195978126016087
-0.028150659174528414
-0.027145831123967904
-0.02616059664799953
-0.02516936859301353
-0.024165575621098393
-0.023166437578325372
-0.02218725913895459
-0.021218327596522594
-0.02025313471579769
-0.01929897953588219
-0.018351173692149322
-0.01739393230592062
-0.016430328639945913
-0.015493715947776347
-0.014595616807072057
-0.013697998702474953
-0.012770785295210392
-0.011841098639573507
-0.010942771740383724
-0.01006138118926998
-0.009181063402112007
-0.008312646701109353
-0.0074500730723945216
-0.006578526419060893
-0.0057103429821334355
-0.00486570535710958
-0.004035581353002252
-0.0031974589036693145
-0.00234728985476238
-0.0015065322535150472
-0.0006901586770235705
0.00010999332862837718
0.000906281751243417
0.0017018076262824402
0.0024989328466451374
0.003297452158389073
0.0040860665006301625
0.004853944934271226
0.005601033415189249
0.006340022099349577
0.007087564425472218
0.007840136307530561
0.008577113916224259
0.009300859397109206
0.010029598636458558
0.010766587164138742
0.01149598312933288
0.012205096997003295
0.012899324837258537
0.01359001591176489
0.014280255709791826
0.014965637475200093
0.015632394372544902
0.01628662917283113
0.016949929793611554
0.017641687967658252
0.01835277298444827
0.019041627061236473
0.019676204558965793
0.020269794441535774
0.020870449710933058
0.021497892116011504
0.02212275403059157
0.022719348379872408
0.023315210174228676
0.023949370786635407
0.02460113641525249
0.025203143545013754
0.025742078989653788
0.02629358674951471
0.02692159237592501
0.027581930061727652
0.028174372563471075
0.028669002930554775
0.029141130940045674
0.029684480905303682
0.030298346375852603
0.030895665493776293
0.031431861783221035
0.031939238755163045
0.03246601292032298
0.03301045516144718
0.03353173218779505
0.03401625537691911
0.03450345242421863
0.03502816058470059
0.03555557851222311
0.03603175597676796
0.03647716196948541
0.03696254828798621
0.03750283271609497
0.03802925512251516
0.03847948409809425
0.038885540893233636
0.03933467173125767
0.0398478106407383
0.04035207710698738
0.04078502651480749
0.04117248174630473
0.0415833880817478
0.0420471424796468
0.04253426990490515
0.04299716463524916
0.04341254449935447
0.043807088699054475
0.04421263315590215
0.04464044914145416
0.045073787245733264
0.04548656358136647
0.0458667593514626
0.04623948650196787
0.046623497465697265
0.04702122637710969
0.04741070494473997
0.04777611915712328
0.04813478829135984
0.04851210221051782
0.048905887726730886
0.04928820175042077
0.04963925883913684
0.04997062239695964
0.05030814042852304
0.05066293932607948
0.051025094630805276
0.0513759966598613
0.05170724987123236
0.05203160809751424
0.052368277218560404
0.05271676352983453
0.05305804349397292
0.0533779594632539
0.053682999890836906
0.05399231819000505
0.05431101954776594
0.054621051578687956
0.054916494540522366
0.05520128018151501
0.05548893472069381
0.055789442799082184
0.056096190626613425
0.05639478509549842
0.05667840075262944
0.0569484865474242
0.05721705881722651
0.05748567719288502
0.05774692866523736
0.05800404068722192
0.0582667246157546
0.05853573548494874
0.058796066572469385
0.059036325790282736
0.05926474118953564
0.05949414199646933
0.059727493704800357
0.0599604401337596
0.060199585311338906
0.06045073679478368
0.060702406831403266
0.06093329708743482
0.06114061464141874
0.06134324918634633
0.06155447759339741
0.06177163252345631
0.061984702919732605
0.06219089418934468
0.06239159346793599
0.06258576090035177
0.06277210224296587
0.06295155970769031
0.0631330886390927
0.06332435758667761
0.06351900595438972
0.06370510651262862
0.06387798196171796
0.06404523563972238
0.06421168783673607
0.06437565029958374
0.06453568568494981
0.06469276212052222
0.06484710677937121
0.06499693798020255
0.06514354650822393
0.06528999444265651
0.06543585905477206
0.06557594654398997
0.0657062456440741
0.06582859118550459
0.06594938969937138
0.06607361781332202
0.06620118822352007
0.06632879776483189
0.06645125115033561
0.06656422759875322
0.06666661816174914
0.06676216973811128
0.06685784473751445
0.06696018667029383
0.06706989726065066
0.06717899451834626
0.06727443810045865
0.06735033413278965
0.06741529653548733
0.0674845370800322
0.0675640378293764
0.06764614603067684
0.06772121590373388
0.06778709832395673
0.06784612306052319
0.06790172976661306
0.06795639151331159
0.06800936605957399
0.06805456748554661
0.06808580382111984
0.06811469273378161
0.0681547901659845
0.0682089615307414
0.06825953011580736
0.06829349870518418
0.06831221301845289
0.06832837631122193
0.06834290189077308
0.06835109833525337
0.06835515058083198
0.06836267029112549
0.06837444012903499
0.0683767462175363
0.0683596172965963
0.06833429511329049
0.06832279864451228
0.0683311931879473
0.06833919478456493
0.06831976030092808
0.06826967289240524
0.06821411718575993
0.06817732699399433
0.0681551651440221
0.0681252876785057
0.06807613715983034
0.06801529512648491
0.06795529378526907
0.06790003889429291
0.06784436662060879
0.06778181162652762
0.06771096819379162
0.0676356284431686
0.06755854242590924
0.06747821512145151
0.06739347698845867
0.06730491211696972
0.06721276926950472
0.06711764190991971
0.06701678362717871
0.06690736482645245
0.06679837820180409
0.06669036237812236
0.0665831240329491
0.06646583311198904
0.06633520731716279
0.06618816310926974
0.06603629191753507
0.06588481116344601
0.06574261310753068
0.0656076436215462
0.06546749986746694
0.06531306848794666
0.06514228753763215
0.06495964054430867
0.06477370857902968
0.0645916344484481
0.06441555621682085
0.06424136446764853
0.06406015754266718
0.06386556474346652
0.0636591746743998
0.06344705031766343
0.06323149702754118
0.0630101124418355
0.06278142042507681
0.06254799436021301
0.062310613771381425
0.06206807117064557
0.06182144459612857
0.06156741492513002
0.061305253999807977
0.06104284231972296
0.060770398064064084
0.060501486328490256
0.060222604942678025
0.05994231605970128
0.05964443789766373
0.059347431244085654
0.059043206801226704
0.058729897057812744
0.05841700592385071
0.05809752858616595
0.05776694344242088
0.057427333646720057
0.057082387782474577
0.056733608259370766
0.05638019265693828
0.056020575360885276
0.055652604248192246
0.05527570458077875
0.05489007833395168
0.05449454481547728
0.05408789526760576
0.053672399520629216
0.05325408461870893
0.05282778192903497
0.05239728921354659
0.05197497009622414
0.05153930984795731
0.05109519991107211
0.0506283474607578
0.05015460548642068
0.049668853557365604
0.04918084443932784
0.04869270260557859
0.04819982936718989
0.04770002496486612
0.04718784132575363
0.0466586495632189
0.046111666184957774
0.045551239526021095
0.04498541327296752
0.044419266956605814
0.04385179614244521
0.04327701430590949
0.04269096363037412
0.04209103429607062
0.04147532550351312
0.04084629299717181
0.04020700899644014
0.03955683345808015
0.038902017399124314
0.038239067293961856
0.03756570935144934
0.03687896479403188
0.03618034441477923
0.035475021447054604
0.034759200456972825
0.03402285310848227
0.0332633063876789
0.032491719314971176
0.03172187222602266
0.03095610635093736
0.030180602857724045
0.02937950606840379
0.028549031526192082
0.02770033130251761
0.026844608716260272
0.025987684595830274
0.02512338373020313
0.024245801118161835
0.02335100952538376
0.02244025356994115
0.02151332381111407
0.020569199151893734
0.019607016642997622
0.0186279998676793
0.01763604539169113
0.016634194692160282
0.015621844216234611
0.014595855537952219
0.013553230559327289
0.012491130436683307
0.011407480847103576
0.010304576691680485
0.009188228252457738
0.008059684979104512
0.006917205406687543
0.005755522680939388
0.004573260987648098
0.0033737633480418103
0.002159839377258758
0.0009304642633068738
-0.0003187891095251416
-0.0015900570614505228
-0.002880948356405592
-0.004188004090591827
-0.005510863534143577
-0.006851157564330871
-0.008210277170901748
-0.00958917620350898
-0.010988066011061429
-0.012408720435264324
-0.013849879907337955
-0.015309439137696283
-0.0167850232313711
-0.018276657556213157
-0.019787146981876922
-0.021318687397845794
-0.022872245978175935
-0.02444726761503991
-0.026042485996042804
-0.027656987057034618
-0.029289962584362665
-0.030941399477674734
-0.03261112449593592
-0.034300364611573285
-0.03600850516012836
-0.03773502532457561
-0.03947928072713627
-0.04124166477514658
-0.04302286713745076
-0.04482213281158399
-0.04663800614945046
-0.048469228805610956
-0.050316886653194594
-0.052182528582794416
-0.05406701120983494
-0.05596857221066642
-0.05788564257198914
-0.05981739439702428
-0.06176272599138125
-0.06372041478644282
-0.06568841664488569
-0.06766639106925823
-0.06965472166728545
-0.07165477535781335
-0.07366491622001069
-0.07568426817157341
-0.07771063051115708
-0.07974175603064543
-0.08177584953794152
-0.08381227885898639
-0.08585227299177613
-0.08789606052150395
-0.08994047054268771
-0.09198503743326848
-0.09402376571107104
-0.09605755816183432
-0.09808485078737413
-0.10010189245706644
-0.10210693439949263
-0.10409973723912416
-0.10608289929242544
-0.10805131329444295
-0.11000212298539934
-0.11193079331150751
-0.11383626440329879
-0.1157170286806296
-0.11757163777194984
-0.11939750417602847
-0.1211916433365164
-0.12295280022107527
-0.12467940691308795
-0.12636895326005645
-0.1280184597153634
-0.1296246777128213
-0.13118610153265706
-0.1327009404141118
-0.13416721649713093
-0.1355823293867516
-0.1369434442332377
-0.138247681403413
-0.13949259665357897
-0.14067636949890125
-0.14179706105744003
-0.14285283427906137
-0.14384118282571734
-0.1447599004282239
-0.1456073660176531
-0.14638229004471506
-0.1470829662968318
-0.14770706921943458
-0.14825301299856003
-0.14871902197683226
-0.14910446236068253
-0.1494085520967147
-0.1496305265912961
-0.14977035306669867
-0.1498281011920639
-0.14980338826220768
-0.14969448566829868
-0.14949934430214426
-0.14921774223448522
-0.14884939875850686
-0.14839455710792512
-0.14785348392785097
-0.14722729445805857
-0.14651851968438384
-0.1457275661339627
-0.14485264477043197
-0.14389072512160012
-0.14284380090387191
-0.14171834200106684
-0.14051862545736546
-0.1392415787299837
-0.13788458402934414
-0.13644945588745566
-0.13494400857355845
-0.1333745577739375
-0.1317410471881845
-0.13003931550604583
-0.1282695810449893
-0.12643442529226084
-0.12454062914100567
-0.12259196800909346
-0.1205883057788706
-0.11852565110068233
-0.11640625791148454
-0.11423554721758486
-0.1120227183704257
-0.10977009426035128
-0.10747745226804033
-0.1051393710410571
-0.1027669836350509
-0.10036008095129047
-0.09792750366019819
-0.0954687806217168
-0.09298052090976157
-0.09047293811516396
-0.08793840230025414
-0.08538743659194713
-0.08282009501167925
-0.08023804243417605
-0.07764090965901929
-0.07503079912881011
-0.07241320202745574
-0.06979109072124814
-0.06716777958284866
-0.06454398501890092
-0.06191908822299747
-0.05929338710092769
-0.05666966427623474
-0.054049513092842956
-0.051439829756575746
-0.04884275148761598
-0.04626044416619758
-0.04369204932313598
-0.04113545391282116
-0.038590292324767954
-0.03605789494099222
-0.03353969591405814
-0.03103946137786693
-0.02855806242460801
-0.026098568292938752
-0.023662106362485245
-0.021249215887701213
-0.018860010352298673
-0.016493798195423893
-0.014150421565440751
-0.011830691544628754
-0.009536642121365447
-0.007270353666197119
-0.005032292999040067
-0.0028222617734508996
-0.0006390257008746403
0.001518546923018486
0.0036493955356055115
0.005751202401311654
0.007822204860544938
0.009862055350217721
0.011871472466325864
0.013850677390122239
0.015799460222559958
0.017717316599158057
0.0196038298635519
0.021459768458484994
0.023287307412042917
0.02508708597401584
0.026858510162463982
0.028600387329226134
0.030311040524800603
0.03199014333828221
0.033636922236522794
0.035251744730624306
0.03683458595710884
0.03838721369013385
0.03991143058685888
0.04140769849011197
0.04287687348945042
0.04431796638793652
0.04572996750815908
0.047111928195605654
0.04846465704547225
0.049788816107895546
0.05108531168490605
0.052354885481448336
0.053597534671824695
0.054812899020590916
0.05600136325253236
0.05716304374075462
0.05829682593361518
0.05940444007229413
0.060486269952592056
0.06154305911938834
0.0625763583097894
0.0635862073389133
0.06457232171332755
0.0655345804589113
0.06647252830965203
0.06738531484536422
0.06827301326069962
0.0691386985443108
0.06997966599840068
0.07080175378246416
0.07159966980580267
0.07238049485048445
0.07313719742485389
0.07387211556375159
0.07458739429148634
0.07528165832514008
0.07595488707882699
0.07660779870318896
0.07724107809508331
0.07785512004286896
0.07845109223302439
0.0790305659551251
0.07958758597704498
0.08012789087564845
0.08064772076745588
0.08115031420423477
0.08163370356032
0.08210284220052202
0.08255665484284833
0.0829937375753282
0.08341327739421847
0.08381615720124766
0.08420427217017684
0.08457788680398863
0.08493576780641092
0.08527690746516232
0.08560228987010182
0.08591383041161578
0.08621295369442095
0.0864989830456428
0.08676943713633137
0.08702484738063987
0.08726520449943441
0.08749322016666715
0.08770903074986668
0.08791259487529572
0.08810439629444271
0.08828457100604795
0.08845336409005805
0.08861112737166982
0.08875753147613825
0.08889145358906726
0.08901172142956805
0.08911848824970624
0.08921163944059743
0.08929332384680512
0.0893646687610134
0.08942684502766933
0.08947932067568067
0.08952248744101278
0.08955578398324254
0.08957945479260825
0.08959402049250116
0.08960014667959465
0.08959765103477271
0.08958610323808121
0.08956464685755729
0.08953383280035136
0.08949392008969616
0.0894445703183256
0.0893856239056106
0.08931683170502443
0.08923881838579083
0.08915276638593166
0.08905963968569494
0.08895930885035834
0.08885131628671937
0.0887357259781974
0.0886134529422184
0.08848460101026252
0.0883487797900159
0.08820556202394604
0.08805383070173936
0.08789494903896487
0.08772868899563756
0.08755633474506652
0.0873769074342287
0.08719123443170153
0.08699933292524804
0.0868010457418985
0.08659662318423453
0.0863860462877445
0.08616894526061904
0.0859452109307199
0.0857150226787302
0.08547946686921601
0.0852390930710186
0.08499363554456589
0.08474284127666133
0.08448603761174335
0.08422391942657062
0.08395625669978651
0.083683749763766
0.08340617804296548
0.08312435072426609
0.08283696305782419
0.08254500555215998
0.08224927502933355
0.08194777185695964
0.08164227125149874
0.0813302198779733
0.08101271710315719
0.08069091228325362
0.0803649791022399
0.0800366045674456
0.0797045521781437
0.07936781352532307
0.07902635507927443
0.07868044319600026
0.07832979245990401
0.07797447489332257
0.07761511572803197
0.07725260115929634
0.07688684999381318
0.07651743627675671
0.07614395627698159
0.0757669387035411
0.07538672972447008
0.07500315636622877
0.07461512689562728
0.07422341030138568
0.07383000285142481
0.0734312374456529
0.07303001655280046
0.07262467448503453
0.07221683705269276
0.07180410299409085
0.0713895721265601
0.0709694516919998
0.07054748937728045
0.07012307736224012
0.06969456576683655
0.0692633036002455
0.06883001870121604
0.06839394587515765
0.06795470577815325
0.0675123407365928
0.06706686642029543
0.0666181554212964
0.06616650495396463
0.06571290702496929
0.06525740353717437
0.06479888939365815
0.06433627432691721
0.06387167575838196
0.06340616027784834
0.06293587048591547
0.06246191852146078
0.06198984361399136
0.061510011770997776
0.06103328702923303
0.06054877063076048
0.06006762949868286
0.0595761198600452
0.05908887131733753
0.0585938527062414
0.05809551048573418
0.057601376615061435
0.057103193810961565
0.056598871687384644
0.05609309529918901
0.055587960409874584
0.055080575692518195
0.05456954436260073
0.05405527201580126
0.05353780768936266
0.05301747668636144
0.052495326755858565
0.05197266122831555
0.0514493140317839
0.05092137186558787
0.05038783524969605
0.04985364616272321
0.04932306564388599
0.04878620242989887
0.048244638233621844
0.04770855930795624
0.04716282069341915
0.04662039298158926
0.04607069149513616
0.045524532300160084
0.04497100277902864
0.04441960928346755
0.04386351993297074
0.04330442306910906
0.042745244346762475
0.04218308473480524
0.041618022593642695
0.04105147912897114
0.04048307601214939
0.039912399831007646
0.03933980067636256
0.038765927904437565
0.03819028443899744
0.0376124786552424
0.03703278809558365
0.03645144843202104
0.03586754740878983
0.03528084426811754
0.03469193134748849
0.0341021716724048