0
-0.031168713604544016
-0.08874517223225571
-0.11629735420797876
-0.15332316725050674
-0.1491217390468691
-0.150746500462283
-0.15263999199733339
-0.15627658940668757
-0.1671590820238194
-0.17976885427127437
-0.1863108957028802
-0.19020792378556758
-0.1944997634097175
-0.20019775507461357
-0.20733517163898582
-0.21246785436665688
-0.21508576954694358
-0.2167470799089815
-0.2172805780718183
-0.21760021441328198
-0.2186167509627282
-0.21948733785999
-0.21972295048510826
-0.21933687174588273
-0.21831238756379978
-0.2165068834002655
-0.2140398146995944
-0.2110397886786311
-0.20761799594933847
-0.20361716763574503
-0.19881545596024056
-0.19320391626001776
-0.18718415099532848
-0.18072086337511475
-0.17370218216652825
-0.16620048753477287
-0.15815377378300777
-0.14958697904724308
-0.14048682735465548
-0.13098767153677973
-0.12114276471560477
-0.11097654459560573
-0.10050091739163729
-0.08972060408666588
-0.07869525423018757
-0.06752519410454359
-0.05620156984675238
-0.04474126460170614
-0.033257312142709355
-0.021780802422890135
-0.010308892237942284
0.0011208139415254928
0.012433034823904166
0.023608622379391875
0.03463103560643172
0.0454648566742937
0.05607471446743517
0.0664419717628159
0.0765605220888214
0.08640569453678922
0.09596043613359957
0.10521281692018174
0.11416083770652818
0.12279762540735935
0.13111177177307737
0.13910924794290125
0.14678860295965895
0.1541455062165755
0.16118987333204468
0.16792397617788535
0.17434732764471797
0.1804707015023908
0.18630183218567328
0.19183657627994943
0.1970965698523243
0.2020802866214317
0.20680847343331538
0.21127939046473673
0.21550595199671996
0.21947986960519472
0.2232300466101762
0.22677408040442656
0.23010554256605906
0.233179752570058
0.23606852860353106
0.23881292609780283
0.2413062079167678
0.24361985905347203
0.24578859246957876
0.24777035883664003
0.24958961184784034
0.2512633102512633
0.25279141931233085
0.2541045475808318
0.2553155573369603
0.2563914177909865
0.2572577529407577
0.25817209930297624
0.25885651044634606
0.25930105592077834
0.25982715790272076
0.26016041948551466
0.26028061269047387
0.2603487822465496
0.2603961595601068
0.2603171792355833
0.26006121607006016
0.2597121954739947
0.2593181082713916
0.2588335022220055
0.25820418778053283
0.25753525182976017
0.2568210451710821
0.2559636396978879
0.2549937168603312
0.25402292657505066
0.25297852936579185
0.2518044598097172
0.2505775443995527
0.24925772147514635
0.24783079878040487
0.24633654337432584
0.24479531232361562
0.24317665329299226
0.24144540762345582
0.23958632965977625
0.237673736019872
0.23569751657404794
0.23358180817047489
0.23139898411186124
0.2292261590913488
0.22711982747847442
0.2249827791505909
0.22266953587853575
0.2202149993904926
0.2177840565133116
0.2155267936101764
0.21337524742294064
0.2110756898941505
0.20848940913129263
0.20575598953325494
0.20310622029201758
0.20057225090712869
0.1979591388209344
0.19517666943409656
0.19239473142430963
0.18978354407388737
0.18723604471474195
0.18454363152380798
0.18173421805233095
0.1789746044897915
0.1763028964822721
0.17359952053330024
0.17079723319665258
0.16794559159961533
0.16510426215477308
0.1622968491517341
0.1595170534646712
0.15675345942201582
0.15398254274719012
0.15117899519924122
0.14835776933596823
0.1455576539674676
0.142798818999691
0.14003904701793982
0.13724529020345624
0.13444200423396258
0.13165020548283715
0.12888269081031467
0.12613143629118043
0.1234118738232534
0.12069492757938084
0.11794461221816542
0.11523910468576067
0.11259532626143974
0.10991803035426055
0.10721279609691692
0.10452155930125949
0.10184022134518406
0.09922831649341693
0.09665011398391528
0.09403535706625045
0.09144245990435233
0.08889244187521114
0.08637247598959921
0.08383031371002782
0.08126744945754656
0.07875899856625021
0.07628477098393678
0.07381507916884213
0.07137545962972827
0.06895526063583948
0.06654475689513599
0.0641474005731311
0.0617585794841176
0.05939185388834005
0.05706786085766377
0.05473193627521198
0.05241977632857508
0.05014461874453294
0.04788942809684329
0.04566178138390455
0.04343295911223492
0.041203529799391465
0.03898669261035745
0.03681684362670883
0.03468027547780252
0.03255652032227185
0.030462217844727017
0.02835906357812045
0.026259304580661554
0.02418571251546856
0.02213858094850044
0.02012819470228256
0.018133680337908232
0.01615638586913235
0.014191612538548762
0.012244253089024444
0.010323405967274843
0.008404807490878359
0.00647919426886574
0.004616832653812253
0.0027664103824539175
0.0009391973207461509
-0.0008786285165967911
-0.0026998287538987143
-0.0045216045461548525
-0.006277770311753746
-0.008013386551115786
-0.009731335081621257
-0.011454642942953796
-0.013167376662645816
-0.014871215220713907
-0.016537789756277257
-0.01818305625938308
-0.019825929793876186
-0.021469579008853164
-0.023074171357131
-0.024653856740714748
-0.026219566887156986
-0.027751732694037894
-0.02929117761220302
-0.030829200458825787
-0.0323478679338038
-0.033835694683871036
-0.03530287310874674
-0.03676126611143502
-0.038209840363241675
-0.03965184895088072
-0.041090954043871385
-0.04251495066146305
-0.04391285723658503
-0.04527345965361226
-0.04662457111552006
-0.04795816155827121
-0.04929267418596244
-0.05061271602645358
-0.0519353345138138
-0.05324358904873634
-0.05453085485591392
-0.05580213895605321
-0.05704726758586697
-0.058280637549482844
-0.0594938269661976
-0.06070301813204135
-0.06190205667250173
-0.06308204042949393
-0.06424044230431937
-0.06539946046632608
-0.06657669034479904
-0.06776569107444447
-0.06892835991416509
-0.07002483108521851
-0.07107037053183944
-0.07212044443444672
-0.07320200347007967
-0.07430131166728007
-0.0753912188174929
-0.0764490420234021
-0.07745781671662162
-0.07842195151952043
-0.07938470865649476
-0.0803927699146706
-0.08143741440469701
-0.08245907133153771
-0.08340503074349807
-0.08429941507338418
-0.08521531138870711
-0.0861718019910659
-0.08712611549972647
-0.08805091104708349
-0.08893312015497609
-0.08982753430153588
-0.09072415994271903
-0.09158850744989971
-0.09243207079368526
-0.09328651317979678
-0.09415113453422942
-0.09499289053020755
-0.09579270885484897
-0.09657550075377136
-0.09737740146994109
-0.09820641673302315
-0.09902325721290642
-0.09978920950880052
-0.10053282899880524
-0.10125194984477873
-0.10198361109326916
-0.10274473287447564
-0.10350440622641012
-0.10424136694429934
-0.10494368592176925
-0.10562400794753207
-0.10630728296063978
-0.10699763786403196
-0.10767708752864043
-0.10834017505744906
-0.10900040583207585
-0.1096466065526613
-0.11031060910928024
-0.11093425870980221
-0.11154528070526813
-0.11213329573078473
-0.1127386512304535
-0.11335693396644236
-0.11396260456967487
-0.11455483057052902
-0.1151364002339714
-0.1157058128258683
-0.1162622039886827
-0.11681129718473547
-0.11735848876049033
-0.11789159841914625
-0.11840983698898241
-0.11892553821401558
-0.11942857582939723
-0.11993532879656546
-0.12042438521091299
-0.12091394765934828
-0.12139878040621947
-0.12187421382888507
-0.12234223113015522
-0.12279758476633447
-0.12323776005459214
-0.12366995390327512
-0.12410383987630856
-0.12454226687987292
-0.12497925346270904
-0.12540768808849048
-0.12582782515621413
-0.1262293974568204
-0.12661455990485326
-0.1269854669450145
-0.12734647392014817
-0.12770917347298222
-0.12806750317593582
-0.12841437058723196
-0.12875812196540817
-0.12910278712461906
-0.12944058861869698
-0.12977174549276924
-0.13009694006337041
-0.130414294501504
-0.13072178487260827
-0.13101798512138696
-0.13130121737729988
-0.13157724743566063
-0.13185583742433854
-0.13213041802970907
-0.13238300841987136
-0.132632990489473
-0.13287506251432432
-0.1331305461058567
-0.13337649741219101
-0.1336075493108486
-0.13381966748119492
-0.13403189743806745
-0.13423589185484844
-0.13443710924680657
-0.13462945310066252
-0.1348213079285415
-0.13500834566747813
-0.13518766011475236
-0.1353572225757432
-0.1355136199753171
-0.13565534062040568
-0.13578462684116252
-0.13593385130798954
-0.13607727616641985
-0.13622165513086013
-0.1363374065516799
-0.13643810726186795
-0.13654194998122574
-0.13664059883776075
-0.13673591834805165
-0.13682244517888192
-0.13688981464586428
-0.13695610596458702
-0.13701924839232144
-0.13706231612213174
-0.1371271151399488
-0.1371898472898124
-0.13721938132618636
-0.13723789275093357
-0.13725597190464026
-0.13727589830442638
-0.13730949336512027
-0.13732812616341333
-0.1373229721668262
-0.13732486699669455
-0.1373027368596259
-0.13726578404021364
-0.1372087530820257
-0.13717147233120006
-0.1371382136114145
-0.13711314695562654
-0.13707611911871898
-0.13699968220042819
-0.1369074520714662
-0.13681008583135962
-0.13672315493418713
-0.13664071101183975
-0.1365458310479994
-0.1364543504063988
-0.13634822224053475
-0.13622860159037867
-0.13608672861896404
-0.13593435965490244
-0.13578465813747206
-0.13564314428682564
-0.13550348474252966
-0.13535651537038879
-0.13517505392344636
-0.13497113144680573
-0.1347511831068573
-0.1345470736435099
-0.13435941174417015
-0.13417092160747757
-0.13397142404083032
-0.1337512761485243
-0.13351839789791028
-0.13327468678526772
-0.13302819408952474
-0.13277415841290766
-0.13250375460331726
-0.13222060222665658
-0.13192782460394598
-0.13164106131525272
-0.13135515579016518
-0.13106362685211934
-0.1307612613587717
-0.1304478613960858
-0.1301237187318937
-0.1297867739358717
-0.12943281808343463
-0.12907261084023483
-0.12870982563831415
-0.12834515109407033
-0.1279699720108577
-0.12758685264350997
-0.12718924645435833
-0.12678694102974836
-0.12638204065332276
-0.1259709170852697
-0.1255489268837863
-0.12511175623066606
-0.12466189359586129
-0.1242005448263266
-0.12373007875839809
-0.12324854635742023
-0.12276793297145522
-0.12228074694791549
-0.12177989950802062
-0.12127331327986136
-0.1207504873634349
-0.1202129247898019
-0.11967193932683719
-0.1191196374172705
-0.11855761449757836
-0.11798633647771624
-0.11740637849654452
-0.1168156518222626
-0.11621179629721515
-0.11559818051697164
-0.11497991875006904
-0.11434550446248484
-0.11370798825747291
-0.11307045969020729
-0.11240393254252865
-0.11172930952216405
-0.1110494683465608
-0.11034717979702294
-0.10963769837961716
-0.10892934553068821
-0.10820698308992008
-0.10746887191144433
-0.10671741607985012
-0.10594007922924789
-0.10514559095698293
-0.10435539644514051
-0.10355648007056999
-0.10273636265768574
-0.10191361748930253
-0.10107587541634047
-0.1002213004485545
-0.0993586483095252
-0.09848479086778592
-0.09759914911107283
-0.0967010495214197
-0.09578615338366774
-0.09485206224737226
-0.09390196592627191
-0.09294192030025528
-0.09197053273755743
-0.09100002876343467
-0.09001791244385136
-0.0890174225300361
-0.08799020912684791
-0.08693608257855061
-0.08586038566331643
-0.08477289640347815
-0.08367743169868606
-0.08257290679448263
-0.08145526861303705
-0.08032087123400432
-0.07916861957689865
-0.07800742835360452
-0.07683799303219956
-0.07565591298217941
-0.07445879468005981
-0.07323648232824605
-0.07198678038420692
-0.07070839394684457
-0.06940721130135499
-0.06808885948654293
-0.06676828596119808
-0.06543914503592288
-0.06410519703233628
-0.06275102816115291
-0.06137421956697686
-0.05996676689904703
-0.05853240782503472
-0.05706923419123129
-0.05559024609340805
-0.054095501292372464
-0.052584164539243264
-0.051066980939616965
-0.04952123219718227
-0.04796150148377644
-0.046375895790581725
-0.04477127862679377
-0.04314547207955333
-0.04149786639727988
-0.039822215768894866
-0.03812231636990002
-0.03640048022857627
-0.034659786489535334
-0.03290478641451718
-0.0311256769452271
-0.02931769839362062
-0.02748429292737124
-0.025626992295307124
-0.023745478948937658
-0.02183766924099141
-0.01990943985742035
-0.017960834541481556
-0.015989145058890604
-0.01398975903793153
-0.011957774543883203
-0.009894176602304109
-0.0078073621613422494
-0.005693396506859472
-0.0035644877741968155
-0.0014052619654402558
0.000784891922389382
0.0030019853313916654
0.005251052996193077
0.007518429459946674
0.009816942955039092
0.012140269469449549
0.014494238905461998
0.01688010040364816
0.01929845827211807
0.021741122786283047
0.02421471119388817
0.02671515171502771
0.029246486557547278
0.031808810330036866
0.03439987420799089
0.03702029458242085
0.03966841834399872
0.04234832462856654
0.04506341820051223
0.0478104325558282
0.05058811611739884
0.05339508466723165
0.056229290972000474
0.05909298121429269
0.061987072106282425
0.06491154555050685
0.06786766236835148
0.07085487293481568
0.07387309769565889
0.07692153563811246
0.08000027781240533
0.08311136545059128
0.08625478775320516
0.0894291810190405
0.09263311434273097
0.09586357921879482
0.09912295376258176
0.10240721560579118
0.10571980497146664
0.10906050688110915
0.11242814781868825
0.11582171945186133
0.11923819943592472
0.12268179068549424
0.12615431121627788
0.12965309621007842
0.13317187407338718
0.13670987350695515
0.1402703661598603
0.14385078016599476
0.1474501459476168
0.1510671897702295
0.15470420605956198
0.158348072577355
0.16201392250888536
0.16568906879532744
0.16937380590854426
0.1730766793810351
0.17677701871478416
0.1804974337142828
0.18420982991409005
0.18791875802123742
0.1916319828165868
0.19534618114101293
0.19904953302649606
0.20274311093604352
0.20643759882287943
0.2101091909257595
0.21377619229779204
0.21741786213315753
0.2210425233533987
0.22463496773621733
0.228205939310317
0.23174011897097221
0.23523602390183831
0.23869301331181222
0.24211307451155004
0.24548798726371424
0.24880825097961184
0.25207404503801456
0.2552745965910713
0.25841124094663404
0.26147812129547815
0.26447465605670406
0.26739087820365864
0.2702226832834557
0.27296573311825106
0.27561644310513034
0.27816972285005853
0.2806182136525114
0.2829499336534084
0.28516233528092794
0.28725263920954613
0.2892133085103476
0.29104204910399906
0.29273107122115316
0.294276056569781
0.29567007874407475
0.29691117865626687
0.2979990172777169
0.29892085310355204
0.29967438539178676
0.3002519808812688
0.3006506839655259
0.30085737449734323
0.3008720462219732
0.30069614228809677
0.3003272544660803
0.2997595865999576
0.298987581209461
0.2980085525535254
0.2968234555614723
0.2954265017274338
0.29381944677830396
0.29200096748475723
0.28998419827511507
0.2877547872017601
0.2853204107194235
0.2826667219491417
0.27980759739549893
0.2767498100629761
0.2734996817359037
0.2700452387729174
0.2663791128348161
0.26252074650309304
0.25847819655481646
0.2542687190343064
0.24988423248756064
0.24532191337594364
0.24059903823946277
0.23571743756242006
0.2306813386379475
0.225495666916869
0.22017558687194913
0.21472311447710352
0.2091467060996796
0.2034493317450559
0.19763518429986107
0.19171852525498684
0.1857089087077438
0.1796275477738244
0.1734712416514346
0.16725696664741274
0.16098757433650188
0.1546678494409922
0.14830530076570672
0.1419124672320213
0.13548719662862918
0.12903942424330667
0.12258298108846902
0.11611519247456101
0.10965054946039458
0.10319393283196708
0.09675163254709389
0.09032680641964722
0.08392531430661355
0.07756015999470947
0.07122897216864033
0.06494484917000515
0.05870638806342375
0.052521481744639685
0.04639216930713701
0.0403242613669543
0.03431602333724773
0.02837750649806973
0.02250749347233049
0.01671560361733384
0.010995283124479253
0.005352686384917623
-0.0002066339214081836
-0.005670489416426487
-0.011070468407658988
-0.01636883544502344
-0.021590997691669618
-0.026714286707594206
-0.03175139770462939
-0.03670088140296552
-0.04155428329382384
-0.0463158140254933
-0.05098616321761066
-0.05556286796660383
-0.06004662867543402
-0.06443900472574834
-0.06874291065428413
-0.07295489176661363
-0.07707745489880485
-0.08110941322595219
-0.08504476859274655
-0.088895588270699
-0.09265119081635144
-0.09631968390886327
-0.0998997545975263
-0.10338843987760289
-0.10679843756507168
-0.11012257578604943
-0.11336304337611018
-0.11651776270945723
-0.11959362283043798
-0.12258673698659944
-0.1255003186275798
-0.1283346331781343
-0.1310936210996201
-0.13377092190517129
-0.13637099187008014
-0.1388959287928645
-0.14135037183687468
-0.14374309559620144
-0.1460607171028168
-0.14830845624473527
-0.15048898336575955
-0.1525922136769296
-0.15464938981994625
-0.1566116172774173
-0.1585301370013885
-0.16038135231378117
-0.16217940041578677
-0.16389334715430362
-0.16557872839548698
-0.1671668989083102
-0.16874520443522176
-0.17024207255608464
-0.17168206087157264
-0.1731031212468603
-0.17439505991432422
-0.1757108226689392
-0.17693906373490145
-0.17812519830532192
-0.17926482617827258
-0.18035608506686931
-0.18142399446486385
-0.18241172281786647
-0.1833848974814714
-0.1842956065238411
-0.18516051612728573
-0.1859827630790704
-0.18676768953196946
-0.18752039182784017
-0.18821112633426082
-0.18889117871846395
-0.18951747306208044
-0.19011190636703929
-0.19067311416850147
-0.19120336174113012
-0.19168848817119985
-0.19213930273074123
-0.19257105691841142
-0.19294374645167997
-0.19330733404744554
-0.1936290424107625
-0.1939126410745075
-0.19417166408401082
-0.1944028425427291
-0.1946043766682673
-0.1947773967167791
-0.19493145314773414
-0.1950473089310492
-0.1951444997402253
-0.1952058169146767
-0.1952599314342289
-0.19527311545800596
-0.19526472580135418
-0.19522597333084757
-0.19516280986904538
-0.19507923442625005
-0.19497431018621872
-0.19484189583250214
-0.1946917885777168
-0.1945236262546132
-0.19433032075747292
-0.19412440623948632
-0.19389579507680044
-0.19364954849195706
-0.19338110154061874
-0.1930936522181033
-0.19278906622075548
-0.19246109203850684
-0.19211531784180333
-0.1917538872973343
-0.19137435204817924
-0.19097691847573514
-0.19056010898926842
-0.19013791442050093
-0.18969223620951445
-0.18923903806790557
-0.1887679060542401
-0.1882839314872304
-0.18778368848959986
-0.18726288676085404
-0.18674440001707637
-0.1861914802594574
-0.18564024998940737
-0.18507446301452812
-0.1844915488509012
-0.18389933882007484
-0.18329967179047532
-0.18267490750020177
-0.18205386487986175
-0.18141311936291232
-0.180760619342315
-0.1800979779468482
-0.17942367063483763
-0.17873661242967387
-0.17804075995204205
-0.17733912156695433
-0.17662426172169698
-0.17590154461489077
-0.17516885410134364
-0.17442758772842712
-0.17367752824534363
-0.17291913555342925
-0.17215104406149256
-0.17137321868161165
-0.17058743053400557
-0.16978985206387165
-0.16898418776809573
-0.1681710868220487
-0.1673514187231992
-0.16652630471888016
-0.1656927537014089
-0.16485392419805814
-0.1640051601251514
-0.16315281377109253
-0.1622905122779424
-0.16142087474723135
-0.16054644313368555
-0.1596641323552537
-0.1587738418061761
-0.15787572954409512
-0.15697135783688718
-0.1560592805083085
-0.15514258560596234
-0.1542212327600429
-0.153293051818774
-0.15236253728841595
-0.15142783806137458
-0.15048608799839988
-0.1495384450479264
-0.14858543719643602
-0.14762628180283788
-0.14666060296986647
-0.1456889930563527
-0.14471137893224484
-0.1437322368383254
-0.1427489065005337
-0.14175971875635252
-0.14076776907574337
-0.13977186284366994
-0.13877064356235636
-0.13776764455430549
-0.13675963465839835
-0.13574657793024478
-0.13472960264938802
-0.13370883231532033
-0.13268486029833834
-0.1316559976591287
-0.1306201782206458
-0.12958446528079118
-0.1285414681756244
-0.12750108865163848
-0.1264503697759261
-0.1254025953447845
-0.12435113814321458
-0.12329559174512769
-0.1222366546016674
-0.12117279378403532
-0.1201039621215692
-0.11903191255778912
-0.11796005950291714
-0.11688560588873985
-0.11579997168856528
-0.11472209864153556
-0.11363407100091791
-0.11255160766922571
-0.1114535843989439
-0.11036546253922405
-0.10927150099853904
-0.10817125615346063
-0.10706773976548002
-0.10596126957631
-0.10485161223721727
-0.10373894590360351
-0.10262365703146656
-0.10151005644144201
-0.10039225106097215
-0.09926711100400733
-0.09814871256252929
-0.09702009639457097
-0.09589348984099123
-0.09476155751142556
-0.09362660519082719
-0.09249032661758984
-0.09135150940395391
-0.09020960671801627
-0.08906511316897081
-0.08791883109235385
-0.08676962671949724
-0.08561760986859829
-0.08446261032467296
-0.08330567970991941
-0.08214840139086826
-0.08098453175226533
-0.07982421446164475
-0.07865745619731304
-0.07748934312158913
-0.07632111448522684
-0.07515048049288282
-0.07397725794860908
-0.07280202983452758
-0.07162278232749959
-0.07044271863712008
-0.06926038306790284
-0.06807775541614944
-0.06689207375097604
-0.06570003150108902
-0.06451630670856427
-0.06331955823030455
-0.06213202274478912
-0.06092640454338228
-0.05973309432789241
-0.058535559809611
-0.057329820445578626
-0.05612433588181318
-0.05491730445112542
-0.05370811735876373
-0.05249692043247952
-0.05128294580923788
-0.05006856713821814
-0.04884933065398419
-0.047629632211987884
-0.0464114788493769
-0.04518675006801042
-0.0439639476417805
-0.042739663204885876
-0.04150902520199414
-0.040279736526369445
-0.03904887981444176
-0.03781447868043699
