0.010378244067626951
0.0314134807389119
0.04882646062607989
0.055422217868021546
0.06084321574153601
0.06449278978677313
0.06829214538417053
0.07074180139499713
0.07497469378402144
0.08479926811406954
0.09263044153568008
0.09398834851681101
0.09573295801659706
0.10286811237861333
0.10904551339437868
0.11247508331125336
0.11630533406739166
0.12033426625399504
0.12313162438966382
0.12540668493344
0.12795103411884767
0.13026242082817063
0.13195733408035248
0.13321464274673053
0.13400396472873577
0.13436921607979785
0.13468817784369047
0.13465247766215452
0.1338598818006505
0.13269424264040855
0.13138133985119585
0.12962947241221567
0.12742000751490962
0.12494638005024446
0.12212690207599763
0.11887498932162034
0.11532771088966823
0.11152934762351485
0.10745400801233487
0.10307289236632199
0.09842873859380058
0.09362058883918932
0.08863611349892284
0.08341425116148381
0.07805570222171822
0.07261598407647576
0.06706164682073285
0.06144748350963732
0.05581974390117637
0.050206659357859354
0.04460964789077444
0.03906053066315943
0.033615948271465614
0.028277445636419075
0.023091118226674232
0.018062347935250144
0.01321420928121384
0.008591206917559487
0.0041826834795765915
2.1652740834158615e-05
-0.0038798844199328998
-0.007503703320463965
-0.0108508078083295
-0.013894880782994256
-0.016643810030316876
-0.019086290657940246
-0.02121157311607469
-0.023033792473670277
-0.024526865871705703
-0.025717817160619782
-0.02658414262339083
-0.027143905219962683
-0.027396497492552314
-0.02734095164162403
-0.026988346174245746
-0.026336381163388344
-0.0253884425618701
-0.024168670450521915
-0.022651552039498073
-0.0208777458654467
-0.018824793606637618
-0.016508896954410206
-0.013920204866293565
-0.011112062134062484
-0.008029985297593575
-0.004693940081518966
-0.0011325566245846388
0.00262971908666918
0.006643511444300184
0.010959810764091093
0.015461031622137003
0.020117476410515273
0.02503165984391586
0.030212003436182428
0.035517891498253844
0.04107309423863574
0.04688571445422918
0.05277832548325758
0.058869255753153264
0.06522263565795719
0.07163039569549555
0.07809296991654732
0.0847194922619721
0.09131199639578978
0.09771613448569608
0.10388786508170776
0.10953000018928011
0.11429640981964168
0.11763976780530119
0.11865262681944534
0.1160302299778453
0.10779829584318937
0.09088440096062934
0.061028799486261436
0.013097858667626857
-0.05720602063862401
-0.1482786256310187
-0.2441097634170243
-0.3115367314288534
-0.3202932574905385
-0.2733654483791466
-0.20352869349500793
-0.14296552160870443
-0.10625077644043728
-0.09209958026182387
-0.09209552271757886
-0.09792846167796228
-0.10428555934166445
-0.10885969391571185
-0.11128771785174366
-0.11207929726739228
-0.11190123422985583
-0.11126649568629361
-0.11048747759516786
-0.10972930477768537
-0.10904664556653204
-0.10843382938469973
-0.10788696374150011
-0.10740534321938094
-0.10692297909865912
-0.10629919424398615
-0.10545330732740972
-0.10449785071986498
-0.10364254424706729
-0.1029540734437667
-0.10225858278204711
-0.10136420497335795
-0.10030128057890021
-0.0992696840596877
-0.09837860166842587
-0.0975229537500944
-0.09655374960183608
-0.09548006852945905
-0.09441292911627616
-0.09339599860260415
-0.09235472153042086
-0.09124179124120897
-0.09011502029433421
-0.0890563058958822
-0.08804301845409673
-0.08696906805738298
-0.08579137979731695
-0.08458295417327691
-0.08343113288732222
-0.08233317629160244
-0.08122244832851232
-0.08008023596177007
-0.07891460915781394
-0.077734853093749
-0.0765458900726929
-0.07536120439387825
-0.07420870068617541
-0.07307696027552027
-0.07192879296739202
-0.0707536854495037
-0.06953447641178698
-0.06827999724075724
-0.06709559268611187
-0.06599731775286391
-0.0648512817720326
-0.06365444931318412
-0.06248271003179724
-0.06135425287322628
-0.06020675989070933
-0.059010578762516745
-0.05779404305182965
-0.05659919743154139
-0.05545685930241054
-0.054360030508074905
-0.05326837705694961
-0.05214212131047399
-0.050965924536128186
-0.049778072506891154
-0.04864296551158323
-0.047542836729653475
-0.04640469302627252
-0.04523708476517356
-0.04412049487693821
-0.043060780488042856
-0.041997569724991496
-0.040905031447008376
-0.03980293948630399
-0.03870847960742433
-0.03762410986678333
-0.036531103753110014
-0.03542306946550345
-0.03434154161348317
-0.033318726612372514
-0.03232465312530148
-0.031312053308672226
-0.03026286303084807
-0.029195978126016087
-0.028150659174528414
-0.027145831123967904
-0.02616059664799953
-0.02516936859301353
-0.024165575621098393
-0.023166437578325372
-0.02218725913895459
-0.021218327596522594
-0.02025313471579769
-0.01929897953588219
-0.018351173692149322
-0.01739393230592062
-0.016430328639945913
-0.015493715947776347
-0.014595616807072057
-0.013697998702474953
-0.012770785295210392
-0.011841098639573507
-0.010942771740383724
-0.01006138118926998
-0.009181063402112007
-0.008312646701109353
-0.0074500730723945216
-0.006578526419060893
-0.0057103429821334355
-0.00486570535710958
-0.004035581353002252
-0.0031974589036693145
-0.00234728985476238
-0.0015065322535150472
-0.0006901586770235705
0.00010999332862837718
0.000906281751243417
0.0017018076262824402
0.0024989328466451374
0.003297452158389073
0.0040860665006301625
0.004853944934271226
0.005601033415189249
0.006340022099349577
0.007087564425472218
0.007840136307530561
0.008577113916224259
0.009300859397109206
0.010029598636458558
0.010766587164138742
0.01149598312933288
0.012205096997003295
0.012899324837258537
0.01359001591176489
0.014280255709791826
0.014965637475200093
0.015632394372544902
0.01628662917283113
0.016949929793611554
0.017641687967658252
0.01835277298444827
0.019041627061236473
0.019676204558965793
0.020269794441535774
0.020870449710933058
0.021497892116011504
0.02212275403059157
0.022719348379872408
0.023315210174228676
0.023949370786635407
0.02460113641525249
0.025203143545013754
0.025742078989653788
0.02629358674951471
0.02692159237592501
0.027581930061727652
0.028174372563471075
0.028669002930554775
0.029141130940045674
0.029684480905303682
0.030298346375852603
0.030895665493776293
0.031431861783221035
0.031939238755163045
0.03246601292032298
0.03301045516144718
0.03353173218779505
0.03401625537691911
0.03450345242421863
0.03502816058470059
0.03555557851222311
0.03603175597676796
0.03647716196948541
0.03696254828798621
0.03750283271609497
0.03802925512251516
0.03847948409809425
0.038885540893233636
0.03933467173125767
0.0398478106407383
0.04035207710698738
0.04078502651480749
0.04117248174630473
0.0415833880817478
0.0420471424796468
0.04253426990490515
0.04299716463524916
0.04341254449935447
0.043807088699054475
0.04421263315590215
0.04464044914145416
0.045073787245733264
0.04548656358136647
0.0458667593514626
0.04623948650196787
0.046623497465697265
0.04702122637710969
0.04741070494473997
0.04777611915712328
0.04813478829135984
0.04851210221051782
0.048905887726730886
0.04928820175042077
0.04963925883913684
0.04997062239695964
0.05030814042852304
0.05066293932607948
0.051025094630805276
0.0513759966598613
0.05170724987123236
0.05203160809751424
0.052368277218560404
0.05271676352983453
0.05305804349397292
0.0533779594632539
0.053682999890836906
0.05399231819000505
0.05431101954776594
0.054621051578687956
0.054916494540522366
0.05520128018151501
0.05548893472069381
0.055789442799082184
0.056096190626613425
0.05639478509549842
0.05667840075262944
0.0569484865474242
0.05721705881722651
0.05748567719288502
0.05774692866523736
0.05800404068722192
0.0582667246157546
0.05853573548494874
0.058796066572469385
0.059036325790282736
0.05926474118953564
0.05949414199646933
0.059727493704800357
0.0599604401337596
0.060199585311338906
0.06045073679478368
0.060702406831403266
0.06093329708743482
0.06114061464141874
0.06134324918634633
0.06155447759339741
0.06177163252345631
0.061984702919732605
0.06219089418934468
0.06239159346793599
0.06258576090035177
0.06277210224296587
0.06295155970769031
0.0631330886390927
0.06332435758667761
0.06351900595438972
0.06370510651262862
0.06387798196171796
0.06404523563972238
0.06421168783673607
0.06437565029958374
0.06453568568494981
0.06469276212052222
0.06484710677937121
0.06499693798020255
0.06514354650822393
0.06528999444265651
0.06543585905477206
0.06557594654398997
0.0657062456440741
0.06582859118550459
0.06594938969937138
0.06607361781332202
0.06620118822352007
0.06632879776483189
0.06645125115033561
0.06656422759875322
0.06666661816174914
0.06676216973811128
0.06685784473751445
0.06696018667029383
0.06706989726065066
0.06717899451834626
0.06727443810045865
0.06735033413278965
0.06741529653548733
0.0674845370800322
0.0675640378293764
0.06764614603067684
0.06772121590373388
0.06778709832395673
0.06784612306052319
0.06790172976661306
0.06795639151331159
0.06800936605957399
0.06805456748554661
0.06808580382111984
0.06811469273378161
0.0681547901659845
0.0682089615307414
0.06825953011580736
0.06829349870518418
0.06831221301845289
0.06832837631122193
0.06834290189077308
0.06835109833525337
0.06835515058083198
0.06836267029112549
0.06837444012903499
0.0683767462175363
0.0683596172965963
0.06833429511329049
0.06832279864451228
0.0683311931879473
0.06833919478456493
0.06831976030092808
0.06826967289240524
0.06821411718575993
0.06817732699399433
0.0681551651440221
0.0681252876785057
0.06807613715983034
0.06801529512648491
0.06795529378526907
0.06790003889429291
0.06784436662060879
0.06778181162652762
0.06771096819379162
0.0676356284431686
0.06755854242590924
0.06747821512145151
0.06739347698845867
0.06730491211696972
0.06721276926950472
0.06711764190991971
0.06701678362717871
0.06690736482645245
0.06679837820180409
0.06669036237812236
0.0665831240329491
0.06646583311198904
0.06633520731716279
0.06618816310926974
0.06603629191753507
0.06588481116344601
0.06574261310753068
0.0656076436215462
0.06546749986746694
0.06531306848794666
0.06514228753763215
0.06495964054430867
0.06477370857902968
0.0645916344484481
0.06441555621682085
0.06424136446764853
0.06406015754266718
0.06386556474346652
0.0636591746743998
0.06344705031766343
0.06323149702754118
0.0630101124418355
0.06278142042507681
0.06254799436021301
0.062310613771381425
0.06206807117064557
0.06182144459612857
0.06156741492513002
0.061305253999807977
0.06104284231972296
0.060770398064064084
0.060501486328490256
0.060222604942678025
0.05994231605970128
0.05964443789766373
0.059347431244085654
0.059043206801226704
0.058729897057812744
0.05841700592385071
0.05809752858616595
0.05776694344242088
0.057427333646720057
0.057082387782474577
0.056733608259370766
0.05638019265693828
0.056020575360885276
0.055652604248192246
0.05527570458077875
0.05489007833395168
0.05449454481547728
0.05408789526760576
0.053672399520629216
0.05325408461870893
0.05282778192903497
0.05239728921354659
0.05197497009622414
0.05153930984795731
0.05109519991107211
0.0506283474607578
0.05015460548642068
0.049668853557365604
0.04918084443932784
0.04869270260557859
0.04819982936718989
0.04770002496486612
0.04718784132575363
0.0466586495632189
0.046111666184957774
0.045551239526021095
0.04498541327296752
0.044419266956605814
0.04385179614244521
0.04327701430590949
0.04269096363037412
0.04209103429607062
0.04147532550351312
0.04084629299717181
0.04020700899644014
0.03955683345808015
0.038902017399124314
0.038239067293961856
0.03756570935144934
0.03687896479403188
0.03618034441477923
0.035475021447054604
0.034759200456972825
0.03402285310848227
0.0332633063876789
0.032491719314971176
0.03172187222602266
0.03095610635093736
0.030180602857724045
0.02937950606840379
0.028549031526192082
0.02770033130251761
0.026844608716260272
0.025987684595830274
0.02512338373020313
0.024245801118161835
0.02335100952538376
0.02244025356994115
0.02151332381111407
0.020569199151893734
0.019607016642997622
0.0186279998676793
0.01763604539169113
0.016634194692160282
0.015621844216234611
0.014595855537952219
0.013553230559327289
0.012491130436683307
0.011407480847103576
0.010304576691680485
0.009188228252457738
0.008059684979104512
0.006917205406687543
0.005755522680939388
0.004573260987648098
0.0033737633480418103
0.002159839377258758
0.0009304642633068738
-0.0003187891095251416
-0.0015900570614505228
-0.002880948356405592
-0.004188004090591827
-0.005510863534143577
-0.006851157564330871
-0.008210277170901748
-0.00958917620350898
-0.010988066011061429
-0.012408720435264324
-0.013849879907337955
-0.015309439137696283
-0.0167850232313711
-0.018276657556213157
-0.019787146981876922
-0.021318687397845794
-0.022872245978175935
-0.02444726761503991
-0.026042485996042804
-0.027656987057034618
-0.029289962584362665
-0.030941399477674734
-0.03261112449593592
-0.034300364611573285
-0.03600850516012836
-0.03773502532457561
-0.03947928072713627
-0.04124166477514658
-0.04302286713745076
-0.04482213281158399
-0.04663800614945046
-0.048469228805610956
-0.050316886653194594
-0.052182528582794416
-0.05406701120983494
-0.05596857221066642
-0.05788564257198914
-0.05981739439702428
-0.06176272599138125
-0.06372041478644282
-0.06568841664488569
-0.06766639106925823
-0.06965472166728545
-0.07165477535781335
-0.07366491622001069
-0.07568426817157341
-0.07771063051115708
-0.07974175603064543
-0.08177584953794152
-0.08381227885898639
-0.08585227299177613
-0.08789606052150395
-0.08994047054268771
-0.09198503743326848
-0.09402376571107104
-0.09605755816183432
-0.09808485078737413
-0.10010189245706644
-0.10210693439949263
-0.10409973723912416
-0.10608289929242544
-0.10805131329444295
-0.11000212298539934
-0.11193079331150751
-0.11383626440329879
-0.1157170286806296
-0.11757163777194984
-0.11939750417602847
-0.1211916433365164
-0.12295280022107527
-0.12467940691308795
-0.12636895326005645
-0.1280184597153634
-0.1296246777128213
-0.13118610153265706
-0.1327009404141118
-0.13416721649713093
-0.1355823293867516
-0.1369434442332377
-0.138247681403413
-0.13949259665357897
-0.14067636949890125
-0.14179706105744003
-0.14285283427906137
-0.14384118282571734
-0.1447599004282239
-0.1456073660176531
-0.14638229004471506
-0.1470829662968318
-0.14770706921943458
-0.14825301299856003
-0.14871902197683226
-0.14910446236068253
-0.1494085520967147
-0.1496305265912961
-0.14977035306669867
-0.1498281011920639
-0.14980338826220768
-0.14969448566829868
-0.14949934430214426
-0.14921774223448522
-0.14884939875850686
-0.14839455710792512
-0.14785348392785097
-0.14722729445805857
-0.14651851968438384
-0.1457275661339627
-0.14485264477043197
-0.14389072512160012
-0.14284380090387191
-0.14171834200106684
-0.14051862545736546
-0.1392415787299837
-0.13788458402934414
-0.13644945588745566
-0.13494400857355845
-0.1333745577739375
-0.1317410471881845
-0.13003931550604583
-0.1282695810449893
-0.12643442529226084
-0.12454062914100567
-0.12259196800909346
-0.1205883057788706
-0.11852565110068233
-0.11640625791148454
-0.11423554721758486
-0.1120227183704257
-0.10977009426035128
-0.10747745226804033
-0.1051393710410571
-0.1027669836350509
-0.10036008095129047
-0.09792750366019819
-0.0954687806217168
-0.09298052090976157
-0.09047293811516396
-0.08793840230025414
-0.08538743659194713
-0.08282009501167925
-0.08023804243417605
-0.07764090965901929
-0.07503079912881011
-0.07241320202745574
-0.06979109072124814
-0.06716777958284866
-0.06454398501890092
-0.06191908822299747
-0.05929338710092769
-0.05666966427623474
-0.054049513092842956
-0.051439829756575746
-0.04884275148761598
-0.04626044416619758
-0.04369204932313598
-0.04113545391282116
-0.038590292324767954
-0.03605789494099222
-0.03353969591405814
-0.03103946137786693
-0.02855806242460801
-0.026098568292938752
-0.023662106362485245
-0.021249215887701213
-0.018860010352298673
-0.016493798195423893
-0.014150421565440751
-0.011830691544628754
-0.009536642121365447
-0.007270353666197119
-0.005032292999040067
-0.0028222617734508996
-0.0006390257008746403
0.001518546923018486
0.0036493955356055115
0.005751202401311654
0.007822204860544938
0.009862055350217721
0.011871472466325864
0.013850677390122239
0.015799460222559958
0.017717316599158057
0.0196038298635519
0.021459768458484994
0.023287307412042917
0.02508708597401584
0.026858510162463982
0.028600387329226134
0.030311040524800603
0.03199014333828221
0.033636922236522794
0.035251744730624306
0.03683458595710884
0.03838721369013385
0.03991143058685888
0.04140769849011197
0.04287687348945042
0.04431796638793652
0.04572996750815908
0.047111928195605654
0.04846465704547225
0.049788816107895546
0.05108531168490605
0.052354885481448336
0.053597534671824695
0.054812899020590916
0.05600136325253236
0.05716304374075462
0.05829682593361518
0.05940444007229413
0.060486269952592056
0.06154305911938834
0.0625763583097894
0.0635862073389133
0.06457232171332755
0.0655345804589113
0.06647252830965203
0.06738531484536422
0.06827301326069962
0.0691386985443108
0.06997966599840068
0.07080175378246416
0.07159966980580267
0.07238049485048445
0.07313719742485389
0.07387211556375159
0.07458739429148634
0.07528165832514008
0.07595488707882699
0.07660779870318896
0.07724107809508331
0.07785512004286896
0.07845109223302439
0.0790305659551251
0.07958758597704498
0.08012789087564845
0.08064772076745588
0.08115031420423477
0.08163370356032
0.08210284220052202
0.08255665484284833
0.0829937375753282
0.08341327739421847
0.08381615720124766
0.08420427217017684
0.08457788680398863
0.08493576780641092
0.08527690746516232
0.08560228987010182
0.08591383041161578
0.08621295369442095
0.0864989830456428
0.08676943713633137
0.08702484738063987
0.08726520449943441
0.08749322016666715
0.08770903074986668
0.08791259487529572
0.08810439629444271
0.08828457100604795
0.08845336409005805
0.08861112737166982
0.08875753147613825
0.08889145358906726
0.08901172142956805
0.08911848824970624
0.08921163944059743
0.08929332384680512
0.0893646687610134
0.08942684502766933
0.08947932067568067
0.08952248744101278
0.08955578398324254
0.08957945479260825
0.08959402049250116
0.08960014667959465
0.08959765103477271
0.08958610323808121
0.08956464685755729
0.08953383280035136
0.08949392008969616
0.0894445703183256
0.0893856239056106
0.08931683170502443
0.08923881838579083
0.08915276638593166
0.08905963968569494
0.08895930885035834
0.08885131628671937
0.0887357259781974
0.0886134529422184
0.08848460101026252
0.0883487797900159
0.08820556202394604
0.08805383070173936
0.08789494903896487
0.08772868899563756
0.08755633474506652
0.0873769074342287
0.08719123443170153
0.08699933292524804
0.0868010457418985
0.08659662318423453
0.0863860462877445
0.08616894526061904
0.0859452109307199
0.0857150226787302
0.08547946686921601
0.0852390930710186
0.08499363554456589
0.08474284127666133
0.08448603761174335
0.08422391942657062
0.08395625669978651
0.083683749763766
0.08340617804296548
0.08312435072426609
0.08283696305782419
0.08254500555215998
0.08224927502933355
0.08194777185695964
0.08164227125149874
0.0813302198779733
0.08101271710315719
0.08069091228325362
0.0803649791022399
0.0800366045674456
0.0797045521781437
0.07936781352532307
0.07902635507927443
0.07868044319600026
0.07832979245990401
0.07797447489332257
0.07761511572803197
0.07725260115929634
0.07688684999381318
0.07651743627675671
0.07614395627698159
0.0757669387035411
0.07538672972447008
0.07500315636622877
0.07461512689562728
0.07422341030138568
0.07383000285142481
0.0734312374456529
0.07303001655280046
0.07262467448503453
0.07221683705269276
0.07180410299409085
0.0713895721265601
0.0709694516919998
0.07054748937728045
0.07012307736224012
0.06969456576683655
0.0692633036002455
0.06883001870121604
0.06839394587515765
0.06795470577815325
0.0675123407365928
0.06706686642029543
0.0666181554212964
0.06616650495396463
0.06571290702496929
0.06525740353717437
0.06479888939365815
0.06433627432691721
0.06387167575838196
0.06340616027784834
0.06293587048591547
0.06246191852146078
0.06198984361399136
0.061510011770997776
0.06103328702923303
0.06054877063076048
0.06006762949868286
0.0595761198600452
0.05908887131733753
0.0585938527062414
0.05809551048573418
0.057601376615061435
0.057103193810961565
0.056598871687384644
0.05609309529918901
0.055587960409874584
0.055080575692518195
0.05456954436260073
0.05405527201580126
0.05353780768936266
0.05301747668636144
0.052495326755858565
0.05197266122831555
0.0514493140317839
0.05092137186558787
0.05038783524969605
0.04985364616272321
0.04932306564388599
0.04878620242989887
0.048244638233621844
0.04770855930795624
0.04716282069341915
0.04662039298158926
0.04607069149513616
0.045524532300160084
0.04497100277902864
0.04441960928346755
0.04386351993297074
0.04330442306910906
0.042745244346762475
0.04218308473480524
0.041618022593642695
0.04105147912897114
0.04048307601214939
0.039912399831007646
0.03933980067636256
0.038765927904437565
0.03819028443899744
0.0376124786552424
0.03703278809558365
0.03645144843202104
0.03586754740878983
0.03528084426811754
0.03469193134748849
0.0341021716724048

