4.37099456596
4.38044815013
4.40589774621
4.43581652189
4.47686790188
4.5137347999
4.54987685006
4.58755243434
4.62936276641
4.67349918261
4.71692158978
4.75958599712
4.80155746072
4.84293089909
4.88539788706
4.9301774429
4.97511155017
5.01881016952
5.06161132986
5.10347231147
5.14432328571
5.18445950841
5.22427263052
5.26370859628
5.30248089506
5.34052348901
5.37776673119
5.4141182243
5.44954847061
5.48410824207
5.51775736265
5.55030650826
5.58160600338
5.61173230075
5.64070433297
5.66851559412
5.69512177814
5.72046600705
5.74454461673
5.76730392118
5.78876320953
5.80894812859
5.82788778862
5.84559883168
5.86208085792
5.87736624527
5.8915245445
5.90459515774
5.91660761879
5.92764498919
5.93779015906
5.94710271668
5.95564716986
5.96351767686
5.97080194135
5.9775815074
5.98394350656
5.98998515162
5.99579977058
6.00147328018
6.00709577106
6.01275820919
6.0185492624
6.02455065783
6.03084579867
6.03751398972
6.04462852847
6.05225984699
6.0604744267
6.0693326563
6.07889233101
6.08920719361
6.10032725542
6.11229289116
6.12514774278
6.13892581003
6.15365187081
6.16934307498
6.18601637615
6.20368986441
6.22237485336
6.24205868987
6.26275280757
6.28447163181
6.30718685893
6.33088664575
6.35558533059
6.38124193899
6.40785599489
6.43543641571
6.46390647338
6.49324402152
6.52348697617
6.55457725831
6.58643502755
6.61907154889
6.65247732595
6.68661896825
6.72145516172
6.75694178031
6.793077748
6.8298446072
6.8671860618
6.90505911891
6.9434463379
6.98235783104
7.02177583722
7.06161481591
7.1018576613
7.14255599361
7.18365358687
7.22508497367
7.2668979475
7.30906919119
7.35156275682
7.39437022834
7.43747522256
7.48089688907
7.52462437707
7.56862164718
7.61289779093
7.65744330082
7.70222436876
7.74723444132
7.7924825675
7.83793404415
7.88354700876
7.92934617784
7.97533413609
8.02146839378
8.06767973643
8.11393589898
8.16032438675
8.2069006234
8.25359845927
8.30029293639
8.34694293563
8.39363837233
8.44050128165
8.48751987165
8.53456192928
8.58153082002
8.62847538781
8.67550358579
8.72261753955
8.76972174288
8.81678378796
8.86387042477
8.91102780118
8.95821408352
9.00536709822
9.05248451947
9.09959500945
9.14670512508
9.1937885177
9.24083155229
9.28783923618
9.33483632004
9.38183075403
9.42880931645
9.47575256173
9.5226361367
9.56945633582
9.61621330763
9.66293162446
9.70962156479
9.75627168995
9.80286962802
9.8493985266
9.89585371556
9.94223427574
9.98855429245
10.0348114302
10.080982326
10.1270897156
10.1731620933
10.2191692003
10.2650772375
10.3108793307
10.3565730691
10.4021912665
10.4477405571
10.4931869347
10.5385388774
10.5838125785
10.6290088787
10.6740982288
10.719057458
10.7639093407
10.8086620832
10.8533051381
10.8978435988
10.9422762099
10.9865957058
11.0307970676
11.0748718005
11.1188194138
11.1626532256
11.2063523882
11.2499178381
11.293359186
11.3366773523
11.3798763763
11.4229365465
11.4658403732
11.5085851544
11.5511925096
11.5936699888
11.6360101972
11.6782173334
11.7202708716
11.7621565951
11.8038763824
11.8454362386
11.8868489219
11.9281119294
11.969220459
12.0101713253
12.0509614954
12.091587923
12.1320428677
12.1723173202
12.2124263309
12.2523690624
12.2921589131
12.3317815494
12.3712138762
12.4104510763
12.4495178497
12.4884124491
12.5271380744
12.5656854398
12.6040500165
12.6422250283
12.68021505
12.7180195083
12.7556311116
12.7930424796
12.8302643406
12.8673042966
12.9041646648
12.9408507304
12.9773409468
13.0136216092
13.0496991294
13.08558683
13.1212881729
13.156798013
13.1921095071
13.2272194407
13.2621233956
13.296814834
13.3312978544
13.3655850808
13.3996743966
13.4335676262
13.467261258
13.5007560499
13.5340410258
13.5671144813
13.599981942
13.6326477979
13.6651124694
13.6973585981
13.7293790718
13.7611732027
13.7927497575
13.8241152867
13.8552666549
13.886191107
13.9168903965
13.9473855259
13.9776952764
14.0078148998
14.0377192525
14.0673873828
14.0968212534
14.1260374046
14.1550355841
14.1837960017
14.2123146817
14.2406187196
14.2687288344
14.2966311447
14.3242923669
14.3517060929
14.3789121741
14.4059423026
14.432772431
14.4593571796
14.4856792795
14.5117546731
14.5375999583
14.5632028498
14.58855661
14.6136898474
14.6386312543
14.6633730778
14.6878839678
14.7121433965
14.7361587362
14.7599454346
14.7835040289
14.8068272897
14.829909596
14.8527545429
14.8753632701
14.8977435145
14.9198958133
14.9418156434
14.9634927536
14.9849248621
15.0061261338
15.0271101591
15.047872138
15.068395653
15.0886715252
15.1087033488
15.1284976857
15.148057275
15.1673725887
15.1864518608
15.2052927132
15.2238960078
15.2422528225
15.2603601673
15.2782296935
15.2958709018
15.3132808689
15.330448968
15.3473677592
15.3640377539
15.3804645878
15.3966553495
15.4126137695
15.4283340334
15.4438166542
15.4590502043
15.4740382399
15.4887799401
15.5032840056
15.5175570993
15.5315961188
15.5453960407
15.5589522067
15.572258827
15.5853139202
15.5981216112
15.6106856393
15.6230038368
15.6350704435
15.6468894358
15.6584614571
15.6697848179
15.6808607998
15.6916884313
15.7022710369
15.712611353
15.7227067417
15.7325553498
15.7421551687
15.7515056763
15.7606085381
15.7694669665
15.778084991
15.7864571073
15.794572978
15.8024286017
15.8100252013
15.8173688402
15.8244724514
15.8313337376
15.8379496874
15.8443135144
15.8504255285
15.8562788259
15.8618751069
15.867214253
15.872302424
15.8771414509
15.8817369945
15.8860864343
15.8901832324
15.8940211602
15.8975965739
15.9009086523
15.9039619968
15.9067701817
15.9093343602
15.9116590659
15.9137256859
15.915525768
15.9170606477
15.9183324263
15.9193477829
15.9201123977
15.9206213091
15.9208730989
15.9208615125
15.9205834301
15.9200472799
15.9192518652
15.9182020363
15.9169043212
15.9153474902
15.9135228605
15.911435612
15.9090882434
15.9064857457
15.9036320194
15.9005139865
15.8971308216
15.8934809731
15.8895656539
15.885378459
15.8809298967
15.8762347005
15.8712877043
15.8660773054
15.8605906387
15.8548310136
15.8488146393
15.8425415138
15.8360092696
15.8292048881
15.8221285752
15.8147806405
15.8071662041
15.7992869158
15.7911406983
15.7827252193
15.7740413106
15.7650892494
15.755873069
15.7463848839
15.7366254104
15.7265927324
15.716290131
15.7057229811
15.6948892542
15.6837843227
15.672406987
15.6607575801
15.6488388705
15.6366484428
15.6241826304
15.6114397402
15.5984207719
15.5851254818
15.5715566633
15.5577166172
15.5436044998
15.5292167774
15.5145514273
15.4996066659
15.4843809018
15.4688788748
15.4531007048
15.4370481122
15.4207197523
15.4041109419
15.3872183151
15.3700457798
15.3525994746
15.3348809698
15.3168876921
15.2986138708
15.2800538475
15.2612066762
15.2420736783
15.2226580798
15.2029597541
15.1829776997
15.1627087185
15.1421540947
15.1213165116
15.1001973083
15.0787932016
15.0570990003
15.0351145476
15.0128429925
14.9902856894
14.9674418902
14.9443101533
14.9208892036
14.8971789031
14.873179934
14.848895167
14.824324406
14.7994613987
14.7743033756
14.7488503476
14.7231012909
14.6970579503
14.6707244754
14.6441016077
14.6171883791
14.5899839192
14.5624839862
14.5346859196
14.5065900451
14.4781966839
14.4495050535
14.4205187437
14.3912351491
14.361653817
14.3317736936
14.3015911145
14.2711049432
14.2403171931
14.2092257788
14.1778301601
14.1461311759
14.1141282889
14.0818279351
14.0492329193
14.0163461185
13.9831597684
13.9496627134
13.9158496374
13.8817199142
13.8472796719
13.8125362494
13.7774903989
13.7421428533
13.7064901424
13.6705274566
13.6342625528
13.5977001625
13.5608390439
13.5236803359
13.4862154901
13.4484375528
13.410339189
13.371918172
13.3331752961
13.294120999
13.2547605567
13.215105819
13.1751555392
13.1349073796
13.0943510984
13.0534827853
13.0122945875
12.9707948961
12.9289897472
12.8868773754
12.844468476
12.8017497439
12.7587278885
12.7153982736
12.6717642434
12.6278243318
12.5835814188
12.539034409
12.4941833184
12.4490268722
12.4035655841
12.3578066909
12.3117513355
12.2653982612
12.2187481796
12.1718008014
12.1245552607
12.0770104563
12.0291720936
11.9810453506
11.9326338835
11.8839375576
11.8349539036
11.7856818603
11.7361266611
11.6862855219
11.6361681513
11.5857722215
11.535099143
11.4841539364
11.4329358086
11.3814543951
11.3297088742
11.2777059746
11.2254477146
11.1729344695
11.120165577
11.0671475225
11.0138835472
10.9603815133
10.9066461018
10.8526812473
10.7984920362
10.744083074
10.6894607527
10.634629318
10.5795912282
10.5243517438
10.4689173769
10.4132960314
10.3574971436
10.3015287755
10.2453988149
10.1891152836
10.1326855769
10.0761175686
10.0194197084
9.96260139239
9.90567232005
9.84864118539
9.79151702021
9.7343100449
9.67703158976
9.61969520979
9.56231305828
9.50489999095
9.44746869241
9.39003211433
9.33260438983
9.27520084705
9.21783874653
9.16053297189
9.10329715134
9.04614665289
8.98910039092
8.9321783054
8.87539833989
8.81877981052
8.76234179554
8.70610426381
8.65008704242
8.59431524767
8.53880889192
8.48359223738
8.42868995884
8.37412380161
8.31991876063
8.26609709446
8.21268630287
8.15971469965
8.10720895886
8.0551970374
8.00370563435
7.95276358626
7.90239515965
7.85263388769
7.80350452548
7.75504058412
7.70726906441
7.66022512952
7.61393412881
7.56842851423
7.5237392732
7.47989779579
7.43693171288
7.39487085582
7.35374771702
7.31358882374
7.27442524553
7.2362840477
7.1991947177
7.16318300901
7.12827649662
7.09449939486
7.06187542183
7.03042666783
7.00017586853
6.97114315157
6.94335016691
6.91681430889
6.89154967195
6.86757237235
6.84489445055
6.82352908154
6.80348482517
6.78477134899
6.76739538492
6.75136021214
6.73667195973
6.72333128875
6.71133583232
6.70068051734
6.69136193474
6.68337856614
6.67672507139
6.67139341414
6.66737317615
6.66465345222
6.66322217742
6.6630643908
6.66416593178
6.66651279764
6.67009007176
6.67488018217
6.68086922063
6.68803669717
6.69636783548
6.70584640299
6.71645335472
6.72817233107
6.74098138444
6.75486204886
6.7697919599
6.78575650319
6.80273969747
6.82072523217
6.8396975693
6.8596392475
6.88053798863
6.90237604597
6.92514047125
6.94880673929
6.97336856765
6.99880663155
7.02510426127
7.05224062125
7.08020390259
7.10897618644
7.13855210722
7.16891425975
7.20005807733
7.23197541402
7.26465464435
7.2980843125
7.33225615521
7.3671550472
7.40276894226
7.43909047763
7.47610458754
7.51380115295
7.55216859339
7.59119523346
7.63086720567
7.67117082304
7.71209748835
7.7536328581
7.79576799133
7.83848977116
7.88178718688
7.92564760447
7.97005958084
8.01500803496
8.06048206525
8.10646766784
8.15295443118
8.1999267702
8.24737153705
8.29527681082
8.34363552295
8.3924243423
8.44163834064
8.49125861153
8.54127715997
8.59167857702
8.64244793973
8.69357443926
8.74504453696
8.79684485626
8.84896223661
8.90138469692
8.95409873007
9.00709034705
9.06034714376
9.11385644055
9.16760538833
9.22158273319
9.27577372037
9.33016605515
9.38474402205
9.4394944522
9.49440639035
9.5494657136
9.6046621145
9.65998617376
9.71542819763
9.77097635513
9.8266194787
9.88234435682
9.93813938312
9.99399076982
10.0498877304
10.105818353
10.1617736685
10.2177458092
10.2737242932
10.3297028168
10.3856714322
10.441620304
10.4975428211
10.5534224948
10.6092578529
10.6650335637
10.7207421834
10.7763723856
10.8319224214
10.8873813186
10.9427472604
10.9980007431
11.0531404628
11.108159164
11.1630385021
11.2177993802
11.2724073859
11.3268718614
11.3811846316
11.4353400147
11.4893350824
11.5431548965
11.5968137184
11.6502864632
11.7035759217
11.7566750496
11.8095786265
11.8622818023
11.9147744284
11.9670679279
12.0191412526
12.0710025299
12.1226488072
12.1740759384
12.2252771438
12.2762515038
12.3269942402
12.3774920469
12.4277590188
12.4777764201
12.5275468407
12.5770705063
12.6263429617
12.6753618224
12.7241273547
12.7726367255
12.8208815549
12.8688677108
12.9165846135
12.9640387955
13.0112168866
13.0581241359
13.10475622
13.1511110414
13.1971848181
13.2429755204
13.2884797569
13.333701165
13.3786391512
13.423287259
13.4676509021
13.5117240697
13.5555098096
13.5990078588
13.6422157682
13.6851302401
13.727749853
13.7700737558
13.8120999243
13.8538270215
13.8952545145
13.9363827135
13.9772111123
14.017738732
14.0579703436
14.0979012223
14.1375337517
14.1768658302
14.2158956045
14.2546290597
14.2930566475
14.3311859533
14.3690107369
14.4065314746
14.4437494884
14.4806632667
14.5172717433
14.5535833086
14.589587612
14.6252909401
14.6606909257
14.6957874432
14.7305798957
14.7650682358
14.7992536341
14.8331338662
14.8667111865
14.8999856506
14.932955389
14.9656229662
14.9979867454
15.0300471367
15.0618044564
15.0932593834
15.1244110645
15.1552595912
15.1858023913
15.2160405476
15.2459754817
15.2756077085
15.3049373397
15.3339646478
15.3626905314
15.3911142277
15.4192363833
15.4470568975
15.4745754044
15.5017930884
15.5287091648
15.5553234448
15.5816356013
15.6076446428
15.6333509356
15.6587548448
15.6838582394
15.708660746
15.7331636342
15.7573681145
15.781272986
15.8048777648
15.8281823541
15.8511862019
15.8738884815
15.8962895194
15.9183900244
15.9401900023
15.9616910454
15.9828928249
16.0037964483
16.0244021379
16.0447101448
16.0647204739
16.0844329161
16.1038478628
16.1229650903
16.1417839302
16.1603040589
16.1785261828
16.196449129
16.214075151
16.2314035139
16.2484348128
16.2651700558
16.2816094841
16.2977533302
16.3136013724
16.3291523947
16.3444056054
16.3593615867
16.3740213993
16.388383655
16.4024499437
16.4162209404
16.4296960926
16.4428751806
16.4557595936
16.4683466236
16.4806373139
16.4926325463
16.5043321445
16.5157356845
16.5268434005
16.5376558354
16.548172581
16.5583912893
16.5683150479
16.5779459839
16.5872787439
16.5963193699
16.6050632694
16.6135094871
16.6216608934
16.6295171148
16.6370770531
16.6443400796
16.6513060744
16.6579757875
16.664349493
16.6704267774
16.6762047754
16.6816850218
16.6868713097
16.6917558051
16.6963462816
16.7006381588
16.7046307246
16.7083279605
16.7117290766
16.7148328867
16.7176388142
16.7201461222
16.722355608
16.7242677686
16.7258835522
16.7272007874
16.7282161995
16.7289392118
16.7293584882
16.7294864975
16.7293074283
16.7288341961
16.7280651367
16.7269927954
16.7256208747
16.7239492029
16.72197718
16.7197047351
16.7171305735
16.7142566918
16.7110801116
16.7076009343
16.7038222843
16.6997397814
16.695357893
16.6906760708
16.6856879183
16.6803991138
16.6748081435
16.6689134323
