7.04923485333
7.04911801441
7.0482525932
7.04864843553
7.04439890777
7.04163599089
7.0387791923
7.03560786278
7.0319403008
7.02770185045
7.02291441085
7.01768720886
7.01274259551
7.01086489737
7.01317875023
7.01443629605
7.01283001028
7.01028721204
7.00705456323
7.00331154309
6.99997514203
6.99730645243
6.99467157569
6.99154832631
6.98819418834
6.98490364468
6.98168446866
6.9783843561
6.9749836149
6.97170349105
6.96839966063
6.96489307193
6.96126257508
6.95757186372
6.95375124211
6.9497388845
6.94561924135
6.94134493804
6.93686875907
6.9321592714
6.92720441023
6.92198323179
6.91647999351
6.91064940205
6.90447638411
6.89794584979
6.8910344747
6.88370247788
6.87593751925
6.86771987085
6.85903111316
6.84984369901
6.84015052385
6.82992211416
6.81914330122
6.80780010774
6.79587780218
6.78336549213
6.7702545831
6.75652775782
6.74218142902
6.72720079023
6.71158509039
6.69532842723
6.67842759502
6.66087383757
6.64266864296
6.62381309866
6.60430340225
6.58413935757
6.56332514029
6.54186062925
6.51974812979
6.49699050082
6.47359169911
6.44955297716
6.4248774525
6.39956476314
6.37362266601
6.34705030257
6.31984754465
6.29201549389
6.26355358972
6.2344619013
6.20473764432
6.1743777966
6.14338439826
6.11174929647
6.07943000242
6.0463982877
6.01266767259
5.97823190421
5.94301857082
5.9069363944
5.86999582423
5.83214954952
5.79322243601
5.75316160478
5.7118770032
5.66915900571
5.62485619339
5.57877766873
5.53058118395
5.4799730545
5.42659941804
5.36992960147
5.30935017446
5.24412987926
5.17336338617
5.09587772408
5.0102329341
4.91467115517
4.80699825203
4.684619212
4.54476812258
4.38512996324
4.20605794009
4.01508538281
3.83329056886
3.69477372834
3.6270346312
3.62781451702
3.66989613403
3.72410448358
3.7729754572
3.81095648562
3.83923937828
3.86120247726
3.88004023853
3.8979751841
3.91623526943
3.93526556543
3.95499904004
3.97516969033
3.99558188499
4.01618358399
4.03696115029
4.05785173009
4.07878486633
4.09976235646
4.12083773975
4.1420297418
4.16329651414
4.18459433836
4.20592045792
4.22729709544
4.24873588501
4.27024036638
4.2918245574
4.313492935
4.33520340349
4.35688527951
4.37852561466
4.40021066337
4.42202557676
4.443929832
4.46578663576
4.48754173495
4.50929497647
4.53116464805
4.55313607928
4.57509632854
4.59698069172
4.61882432431
4.64068806433
4.66258592077
4.68448987788
4.70638709154
4.72827668982
4.75015398479
4.77200674408
4.79383072587
4.81564785158
4.83747930108
4.8593136551
4.88111654489
4.90285304634
4.92452266147
4.94618456566
4.96787078658
4.98952858748
5.01113919049
5.03273450666
5.0543273133
5.0758835906
5.09737178413
5.11878792279
5.14014613401
5.16147911666
5.18281713237
5.20415135935
5.22543958616
5.24664804793
5.26778212486
5.28887427301
5.30993078976
5.3309212721
5.35183281426
5.37269729909
5.39353977816
5.41434826712
5.4351003416
5.45578819178
5.4764131566
5.49697590506
5.51746558136
5.53786878659
5.5581982915
5.57848639949
5.59874594632
5.61895982677
5.63909965602
5.65914893295
5.67911617327
5.69902245939
5.71887558992
5.73866676969
5.75838289298
5.77802146309
5.79758990483
5.81709044698
5.83652122545
5.85588387964
5.87517649778
5.89438672777
5.91350395722
5.93254133309
5.95152266644
5.97044553109
5.98928330012
6.0080259396
6.02668720713
6.04527201009
6.06377685517
6.08220930218
6.10057153625
6.11884922851
6.13703383686
6.15513537052
6.17316307691
6.19111097076
6.2089660041
6.22672554295
6.24439612925
6.26198306907
6.27948786667
6.29690991143
6.31424435835
6.33148239922
6.34862034456
6.36566526952
6.38262999923
6.39952023902
6.41632790117
6.4330442598
6.44967214112
6.46621493482
6.48266620294
6.49901531078
6.51525871224
6.53140228816
6.5474521999
6.5634091632
6.57927174008
6.59504046818
6.61072636988
6.62633925193
6.64187187507
6.65729406614
6.67257191712
6.6877031399
6.70272666589
6.71769049968
6.73260396482
6.7474308442
6.76212989626
6.77669589791
6.79115802252
6.80554718595
6.81987012144
6.83410815406
6.84822825349
6.86220334505
6.87603728854
6.88976662148
6.90342515478
6.91701399079
6.9305111068
6.94389274551
6.95714960504
6.97028884347
6.98331487645
6.99623168871
7.00904333157
7.02175323419
7.0343663255
7.0468824527
7.05929035765
7.07157421909
7.08373627146
7.09580412225
7.10780128044
7.11971536191
7.13150768512
7.14315599046
7.15467730374
7.16610006734
7.17742314279
7.18862037765
7.19968337039
7.21063949516
7.22152013853
7.23232443033
7.24302065591
7.25357554663
7.26398281694
7.27426644702
7.28444060297
7.29450871706
7.30446246353
7.31430574118
7.32404306905
7.33368049944
7.34320072292
7.35259392899
7.36186328333
7.37102051886
7.38008024515
7.38904448022
7.39789795785
7.40662545161
7.41522674597
7.42371346458
7.43209390759
7.44036474171
7.44851681352
7.45654710441
7.464461888
7.47226716648
7.47995928468
7.4875282183
7.49496865397
7.50228331987
7.50947814858
7.51655943085
7.52352616984
7.5303670957
7.53708549372
7.54368962513
7.55018079042
7.55656058339
7.56281885782
7.56895396828
7.57496397426
7.5808499624
7.58661193628
7.59224406162
7.59774894269
7.60313715996
7.60841522468
7.61357817321
7.61861458121
7.62351999167
7.62829996131
7.63296171548
7.63750773262
7.64193926703
7.64625939573
7.65046646011
7.65454784194
7.65848943915
7.66229218843
7.66597048334
7.66953299769
7.67297536035
7.67629239487
7.67948554232
7.68255463956
7.68549387003
7.68829992924
7.69097881043
7.69354249325
7.69599436297
7.69832366715
7.70052430709
7.70259663431
7.70454462978
7.70636343413
7.70804817514
7.70959717539
7.7110154504
7.71231188522
7.71349143433
7.71455136582
7.71548059151
7.71626720567
7.71691140849
7.71742917131
7.7178371157
7.71813271806
7.71829479748
7.71830839097
7.71818477666
7.7179485124
7.71760523918
7.71713108324
7.71649903648
7.71571179859
7.71480060448
7.71379014274
7.71266999286
7.71140567768
7.70997748245
7.70840194535
7.7067116893
7.70491995382
7.70301075031
7.70096057345
7.6987612717
7.6964182716
7.69394009252
7.69133580336
7.68860995658
7.6857586986
7.68276631427
7.67962278304
7.67633755516
7.672934543
7.66942398636
7.66578809058
7.66200106726
7.65805660632
7.65397335703
7.64976833315
7.64543683004
7.64096373607
7.63634920547
7.63161083113
7.62675642276
7.62176803317
7.61662067707
7.61131291788
7.6058689143
7.60030958751
7.59463014456
7.58881094199
7.58284090955
7.57672427359
7.57047086341
7.56408737457
7.55757464598
7.55092782368
7.54413901245
7.53720282804
7.53011994407
7.52289702825
7.51554217888
7.50805933527
7.500445399
7.49269274159
7.48479408956
7.47674838092
7.46856116753
7.46023970933
7.4517874297
7.44320069084
7.43447305379
7.42559992104
7.41658131457
7.40742056309
7.39812001076
7.38867870855
7.37909430259
7.36936502217
7.35949352889
7.34948391959
7.33933582499
7.32904365313
7.31860188534
7.30800938276
7.29727196471
7.28639809301
7.27539219483
7.26425127311
7.25296796692
7.24153650536
7.2299561724
7.2182300189
7.20636020126
7.19434579833
7.18218495753
7.16987741015
7.15742377409
7.14482536232
7.13208555881
7.11920548491
7.10618312868
7.09302020602
7.07971086622
7.06625483046
7.05264853935
7.0388973155
7.02500091759
7.01096579437
6.99678670425
6.98245860132
6.9679836038
6.95336213024
6.93859417136
6.9236807775
6.90862311589
6.89342057764
6.87807121279
6.86257368489
6.84692795862
6.83113460987
6.81519336978
6.7991022445
6.78285980794
6.76646807869
6.74993324629
6.73325766279
6.71644412358
6.69949521481
6.68239893457
6.66515197651
6.64774876772
6.6301975438
6.61250276424
6.59466847754
6.57669468885
6.55857646769
6.54030964842
6.52189306852
6.50332673814
6.48461145541
6.46574873181
6.44674162731
6.42759449873
6.40831011506
6.3888886635
6.36932730707
6.34962181743
6.32976767191
6.30976592444
6.28962237355
6.26934256794
6.2489307985
6.22838436177
6.20769852559
6.1868704881
6.16590119505
6.14479417692
6.12355092131
6.10216933951
6.08064811929
6.05899003961
6.03720145608
6.01528735786
5.99324735439
5.97107583696
5.94876799141
5.92632455069
5.90375056297
5.88105296955
5.85823590789
5.83530189966
5.81225022441
5.78907883323
5.76578424723
5.74236535267
5.71882539846
5.69517017272
5.67140533141
5.64753387012
5.62355627794
5.59947329814
5.57528738299
5.55100080396
5.52661375928
5.50212633454
5.47754153364
5.45286378108
5.42809786643
5.40324641421
5.37831162972
5.35329753108
5.32820916088
5.30305029945
5.27782222892
5.25252588446
5.22716470276
5.20174473934
5.17627242176
5.15075318213
5.1251915569
5.09959134974
5.07395638187
5.0482897052
5.02259589561
4.99688154404
4.97115499234
4.94542462868
4.91969692533
4.89397694179
4.86826949697
4.84258031071
4.81691629685
4.79128518958
4.76569527994
4.7401549732
4.71467308062
4.68925790811
4.66391838354
4.63866388793
4.61350433527
4.58844950137
4.56350881665
4.53869228919
4.51401089226
4.48947663743
4.46510095938
4.4408945277
4.41686735209
4.39303046486
4.36939569594
4.34597512794
4.32278130611
4.29982739491
4.27712762224
4.25469635013
4.23254784276
4.21069490821
4.18915163959
4.16793153638
4.14704880974
4.12651872883
4.10635717432
4.08658006998
4.06720165169
4.04823556636
4.02969587097
4.0115949068
3.9939481576
3.97677110147
3.96007723204
3.94388099276
3.92819737073
3.91304238905
3.89842826594
3.88436552423
3.87086534427
3.85793911067
3.84559793841
3.8338542511
3.82271993999
3.81220479338
3.8023187225
3.79306923052
3.78446396148
3.77650919244
3.76921043678
3.76257216169
3.75659694701
3.75128745677
3.74664512314
3.74267139444
3.73936567199
3.73672549846
3.73474801673
3.73343036628
3.73276932606
3.73275823895
3.73338848887
3.73465104415
3.73653767181
3.73903992229
3.7421471847
3.74584604083
3.75012163152
3.75495891995
3.76034421989
3.76626438106
3.77270537555
3.77965044409
3.78708036757
3.79497506656
3.80331655388
3.81208899195
3.82127552447
3.83085551443
3.84080594673
3.85110496878
3.86173445809
3.87267871793
3.88392039251
3.89543872876
3.90721227326
3.91922133984
3.93144835177
3.94387676264
3.9564893349
3.96926920892
3.98219982306
3.99526579988
4.00845299609
4.02174787169
4.03513593954
4.04860255781
4.06213325611
4.07571583584
4.08933954665
4.10299297556
4.11666221059
4.13033476197
4.1440014837
4.1576576052
4.17129739979
4.18491379415
4.19849664312
4.21204149381
4.22554304741
4.23899983936
4.25240776186
4.26575988878
4.27905494289
4.2922864398
4.30545450389
4.31855837152
4.33159700638
4.3445677733
4.35746804746
4.37029718799
4.38305545786
4.39574457121
4.40836646207
4.42092210689
4.43341178011
4.44583636102
4.45819650986
4.47049614421
4.48273944449
4.49493111367
4.50707465717
4.51917162297
4.531222786
4.54322908516
4.55519166838
4.56711349002
4.57899732515
4.59084725226
4.60266737021
4.61446150384
4.62623300506
4.63798430837
4.64971732786
4.66143404936
4.67313728372
4.68483069088
4.69651782267
4.70820177423
4.71988448388
4.73156676738
4.74324970978
4.75493544841
4.76662707273
4.77832770821
4.79003982368
4.8017654943
4.81350690172
4.82526669258
4.83704794263
4.84885317398
4.86068309162
4.8725376856
4.8844167801
4.89632105009
4.90825158575
4.92020941028
4.93219563884
4.94421136363
4.95625826848
4.9683379166
4.98045135296
4.99259936318
5.00478115778
5.01699640176
5.02924469261
5.04152701009
5.05384376267
5.06619491136
5.07857990592
5.09099768484
5.10344733512
5.11592859276
5.12844074293
5.14098370864
5.15355853763
5.16616471583
5.17880170819
5.19146978095
5.20416762455
5.21689380161
5.22964675245
5.24242462049
5.25522623908
5.26805212092
5.2809025042
5.29377450568
5.306671635
5.31958594739
5.33252244106
5.34547354347
5.35843936523
5.37142210772
5.3844189295
5.39742730426
5.41044598048
5.4234735478
5.43650867334
5.44955204204
5.46260409253
5.47565816456
5.48871671948
5.50177824124
5.51483958253
5.52790004907
5.54096201155
5.55402304381
5.56708209922
5.58013741477
5.59318710214
5.60622970904
5.619264149
5.63228902998
5.64530232191
5.65830197236
5.67128654854
5.68425557603
5.69720816194
5.71014118152
5.72305427761
5.73594496297
5.74881409845
5.76166018023
5.77448371923
5.78728379112
5.80005946757
5.81280967244
5.82553254662
5.8382256633
5.85088643715
5.86351273049
5.87610306423
5.88865623345
5.90117126448
5.91364803073
5.92608621711
5.9384850389
5.9508438044
5.96316228464
5.97543907623
5.98767288583
5.99986392006
6.01201069957
6.02411253999
6.03616691598
6.04817311622
6.0601289053
6.07203294476
6.08388418095
6.09568163255
6.10742481654
6.11911313756
6.13074613382
6.14232354061
6.15384499045
6.16530987062
6.17671753715
6.18806743051
6.19935846158
6.21058919467
6.22175873805
6.23286594352
6.24390977881
6.25488894076
6.26580259794
6.27665057261
6.28743318841
6.29815001163
6.30879996751
6.31938220508
6.32989646198
6.34034195309
6.35071804856
6.36102469552
6.37126137352
6.38142839875
6.39152517326
6.40155069995
6.41150444129
6.42138580577
6.43119498832
6.44093109092
6.45059396793
6.46018294108
6.46969746053
6.47913728511
6.48850204422
6.49779074821
6.50700285868
6.51613732992
6.52519516158
6.53417728065
6.54308360199
6.55191442612
6.56066841252
6.56934402487
6.57794042053
6.58645804529
6.59489711109
6.60325754205
6.61153939977
6.61974277415
6.62786751899
6.63591324685
6.64387966618
6.6517667429
6.65957441399
6.66730275983
6.67495114681
6.68251915006
6.6900074953
6.69741460251
6.70474069939
6.71198581199
6.71915022792
6.72623304362
6.73323480439
6.74015410569
6.74699194107
6.75374880422
6.76042408659
6.7670176122
6.77352938999
6.77995938499
6.7863076768
6.79257430821
6.79875913637
6.80486172421
6.81088196392
6.81682032044
6.82267722314
6.82845244515
6.83414507724
6.83975522267
6.84528376296
6.85072944464
6.85609134269
6.86137233352
6.86656942144
6.87168531341
6.8767171472
6.88166758023
6.88653256594
6.8913165259
6.89601615323
6.90063187636
6.9051668685
6.90961922882
6.91398700017
6.91827114837
6.92247299116
6.92659195545
6.93062692673
6.93457734019
6.93844286764
6.94222354163
6.94592001421
6.9495333192
6.95306398424
6.95651037116
6.95987093561
6.96314705956
6.96634185256
6.96945225943
6.97247749561
6.97542180744
6.97828040943
6.98105694273
6.98374797324
6.98635721644
6.98888129736
6.99132285873
6.99368068966
6.99595397038
6.99814386439
7.00024999563
7.00227198334
7.00421023209
7.0060649561
7.00783615113
7.00952395874
7.01112865876
7.01265014641
7.01408828582
7.01544327682
7.01671536549
7.0179041968
7.01900939618
7.02003104765
7.02096997798
